[
  {
    "state_id": 0,
    "outer_t": -1,
    "source": "initial_refresh",
    "branch": null,
    "alpha": null,
    "updated_best": true,
    "rho": 22.182990567837138,
    "s_rot": 41.57738698811995,
    "nominal_eR": 0.06577938303515435,
    "nominal_ep": 0.003648629879831605,
    "mode_eR": 0.14416836216739815,
    "mode_ep": 0.010391410065473035,
    "nominal_R": [
      [
        0.9790365033107107,
        -0.19819294281840238,
        -0.046979597721969114
      ],
      [
        0.19252231914816767,
        0.975738262538297,
        -0.1042592904663964
      ],
      [
        0.06650324664967595,
        0.09302903006979495,
        0.9934399416921615
      ]
    ],
    "nominal_p": [
      0.012499999999999999,
      -0.00825,
      0.018000000000000002
    ],
    "mode_R": [
      [
        0.9875189764554894,
        -0.1339656952369022,
        -0.08282187899338647
      ],
      [
        0.1345173934403834,
        0.9909106308087543,
        0.0010920678554464886
      ],
      [
        0.08192278072860301,
        -0.012219421012855669,
        0.9965637680288216
      ]
    ],
    "mode_p": [
      0.013248802693695537,
      6.380956733464825e-05,
      0.01809357713619724
    ],
    "F_fro": 243.96213686732386,
    "F_traceS": 339.4133994393459,
    "F_s1": 176.81846784562313,
    "F_s2": 167.99867041252253,
    "F_s3": -5.403738818799771,
    "F_matrix": [
      [
        49.42699275862399,
        -70.36742491216256,
        52.31665671485796
      ],
      [
        -40.752806498390704,
        150.39806114545888,
        31.749524218186348
      ],
      [
        71.52076387286229,
        16.84707576047263,
        136.74225976118055
      ]
    ],
    "mu": [
      0.013248802693695537,
      6.3809567334648e-05,
      0.01809357713619724
    ],
    "Lambda": [
      [
        4510722.157261651,
        -702945.018352441,
        416355.15920865745
      ],
      [
        -702945.018352441,
        4874620.343393088,
        266486.045983967
      ],
      [
        416355.15920865745,
        266486.045983967,
        2999244.791698505
      ]
    ],
    "Gamma": [
      [
        -2.1105611182163522e-05,
        4.565712055714644e-06,
        -1.0491717133440608e-05
      ],
      [
        1.2760001995225218e-06,
        2.6212903653827436e-06,
        -9.355845294141475e-06
      ],
      [
        -5.45458032638364e-06,
        6.013518144350454e-06,
        2.2012631392700146e-05
      ]
    ]
  }
]