[
  {
    "state_id": 0,
    "outer_t": -1,
    "source": "initial_refresh",
    "branch": null,
    "alpha": null,
    "updated_best": true,
    "rho": 21.743512202288805,
    "s_rot": 7.403768494358642,
    "nominal_eR": 0.1315587660703087,
    "nominal_ep": 0.007297259759663213,
    "mode_eR": 0.36608759781373545,
    "mode_ep": 0.01672132254282384,
    "nominal_R": [
      [
        0.989139250940619,
        -0.14662510528919823,
        -0.01022842840139166
      ],
      [
        0.1444307885478865,
        0.9825259392788829,
        -0.11739900324783228
      ],
      [
        0.02726333743448449,
        0.1146466621541175,
        0.9930321511858782
      ]
    ],
    "nominal_p": [
      0.009999999999999998,
      -0.006500000000000001,
      0.016
    ],
    "mode_R": [
      [
        0.9987788828183372,
        0.011331893741761141,
        0.04808670731480568
      ],
      [
        0.003704004328453654,
        0.9534232658441846,
        -0.3016129249533972
      ],
      [
        -0.049264831148488786,
        0.3014227336005601,
        0.9522170509293963
      ]
    ],
    "mode_p": [
      0.01036327023821821,
      0.0033717880997867922,
      0.011095021184092795
    ],
    "F_fro": 212.04995921250492,
    "F_traceS": 286.2665144336069,
    "F_s1": 154.0729388024945,
    "F_s2": 145.11939221366015,
    "F_s3": -12.925816582547716,
    "F_matrix": [
      [
        30.74483066564056,
        -9.809693015736975,
        73.60282377221439
      ],
      [
        -31.748941292809192,
        144.06434677683643,
        -28.2993650312201
      ],
      [
        60.36130839129865,
        50.003465693934466,
        98.99048119048834
      ]
    ],
    "mu": [
      0.010363270238218208,
      0.0033717880997867922,
      0.011095021184092793
    ],
    "Lambda": [
      [
        9387741.033850791,
        -433720.9466347014,
        -1901116.5569491342
      ],
      [
        -433720.9466347014,
        3358132.5348414415,
        425198.2522569336
      ],
      [
        -1901116.5569491342,
        425198.2522569336,
        1407053.6928104288
      ]
    ],
    "Gamma": [
      [
        2.940322764944141e-05,
        1.551950171316133e-05,
        2.3385064056512736e-05
      ],
      [
        4.1764826783309745e-06,
        -6.033425879155453e-06,
        -2.2177208112860723e-05
      ],
      [
        3.1684191608675795e-05,
        5.513618062843606e-06,
        3.31230122433712e-05
      ]
    ]
  },
  {
    "state_id": 1,
    "outer_t": 0,
    "source": "accepted_update",
    "branch": "full",
    "alpha": 0.25,
    "updated_best": true,
    "rho": 18.524400287899198,
    "s_rot": 7.59577416874898,
    "nominal_eR": 0.1861984924270386,
    "nominal_ep": 0.009328992316000354,
    "mode_eR": 0.5405367457489968,
    "mode_ep": 0.014576121386282675,
    "nominal_R": [
      [
        0.994080816130833,
        -0.10840838806154413,
        0.007138094882690241
      ],
      [
        0.10811472611689356,
        0.9806362156057746,
        -0.16329059568466797
      ],
      [
        0.010702195911387893,
        0.16309578179794307,
        0.9865521927208878
      ]
    ],
    "nominal_p": [
      0.01009081755955455,
      -0.004032052975053302,
      0.014773755296023199
    ],
    "mode_R": [
      [
        0.9895156036228632,
        0.11114000628154048,
        0.09223214835738128
      ],
      [
        -0.05979712594218449,
        0.896573937349679,
        -0.43883878428683537
      ],
      [
        -0.13146548564521918,
        0.4287226071354675,
        0.8938197537619277
      ]
    ],
    "mode_p": [
      0.012182915886893636,
      0.002064832205044189,
      0.012320991233794596
    ],
    "F_fro": 171.25675955061752,
    "F_traceS": 259.0642970637748,
    "F_s1": 123.52416369445481,
    "F_s2": 117.19220139410481,
    "F_s3": 18.347931975215193,
    "F_matrix": [
      [
        48.31242591632839,
        -6.5512913936358155,
        51.17226900864224
      ],
      [
        -39.462088785261535,
        101.56038232820772,
        -37.49350572975723
      ],
      [
        22.480909043126612,
        59.46457348570287,
        83.75147286074024
      ]
    ],
    "mu": [
      0.012182915886893636,
      0.00206483220504419,
      0.012320991233794596
    ],
    "Lambda": [
      [
        12850443.653165862,
        -1344434.746096638,
        -2338104.4528811397
      ],
      [
        -1344434.746096638,
        2478820.544977666,
        693444.0792439205
      ],
      [
        -2338104.4528811397,
        693444.0792439205,
        1194910.404657923
      ]
    ],
    "Gamma": [
      [
        3.2924839410513766e-05,
        6.003501179443781e-06,
        1.90944377000225e-05
      ],
      [
        7.765373808747936e-08,
        -1.4143784692986453e-05,
        -4.177556942139933e-05
      ],
      [
        2.4376770036803695e-05,
        -9.372199261636986e-07,
        1.1547398953250994e-05
      ]
    ]
  },
  {
    "state_id": 2,
    "outer_t": 1,
    "source": "accepted_update",
    "branch": "full",
    "alpha": 0.1,
    "updated_best": true,
    "rho": 17.7654146601955,
    "s_rot": 9.940165940522512,
    "nominal_eR": 0.2198216136037495,
    "nominal_ep": 0.009761791593174036,
    "mode_eR": 0.6276942221691787,
    "mode_ep": 0.01090385390585088,
    "nominal_R": [
      [
        0.995974434879662,
        -0.08771030714637623,
        0.01848856637021886
      ],
      [
        0.08962814231048576,
        0.9774728938139116,
        -0.19108515893451536
      ],
      [
        -0.001311934491107915,
        0.19197302904144117,
        0.9813993249175101
      ]
    ],
    "nominal_p": [
      0.010300027392288458,
      -0.003422364457043553,
      0.014528478889800338
    ],
    "mode_R": [
      [
        0.9928242559887528,
        0.10818477760265184,
        0.05095145351651409
      ],
      [
        -0.06220758731504841,
        0.8311339641250646,
        -0.5525817131956116
      ],
      [
        -0.10212841328847425,
        0.5454469612829655,
        0.8318998735583256
      ]
    ],
    "mode_p": [
      0.012563930940351185,
      -0.0015563002414103265,
      0.013545270577045548
    ],
    "F_fro": 184.4077662440761,
    "F_traceS": 274.1937009231422,
    "F_s1": 132.4099706134234,
    "F_s2": 127.55980513423673,
    "F_s3": 14.223925175482083,
    "F_matrix": [
      [
        39.88022747294813,
        -1.0188198447058732,
        51.46443991362992
      ],
      [
        -40.35399425481921,
        104.06051222780002,
        -58.08030450908828
      ],
      [
        25.793334310779976,
        75.1150747420174,
        87.33978337888806
      ]
    ],
    "mu": [
      0.012563930940351185,
      -0.0015563002414103262,
      0.013545270577045548
    ],
    "Lambda": [
      [
        11080803.719791083,
        -1667008.3559541898,
        -551597.8917380271
      ],
      [
        -1667008.3559541898,
        3677784.572862149,
        725553.3368074023
      ],
      [
        -551597.8917380271,
        725553.3368074023,
        900212.2528521378
      ]
    ],
    "Gamma": [
      [
        3.349174725561901e-05,
        -3.140767043456701e-06,
        6.323337586689843e-06
      ],
      [
        9.635498874993918e-07,
        -1.981546472293953e-05,
        -6.357656442203197e-05
      ],
      [
        1.988623250409058e-05,
        -3.723240382092019e-06,
        9.32438751065911e-06
      ]
    ]
  },
  {
    "state_id": 3,
    "outer_t": 2,
    "source": "accepted_update",
    "branch": "full",
    "alpha": 0.25,
    "updated_best": true,
    "rho": 17.14575772820584,
    "s_rot": 7.847395941395638,
    "nominal_eR": 0.31520530777316935,
    "nominal_ep": 0.00996984378246819,
    "mode_eR": 0.2781636146057462,
    "mode_ep": 0.015339226709122994,
    "nominal_R": [
      [
        0.9986199467442128,
        -0.04017643896555721,
        0.033823892688930574
      ],
      [
        0.04818591627288305,
        0.9570688260440466,
        -0.28582753486606793
      ],
      [
        -0.020888260758812317,
        0.28706291290711416,
        0.9576839586187887
      ]
    ],
    "nominal_p": [
      0.01086600327930414,
      -0.002955848403135246,
      0.01428267681161164
    ],
    "mode_R": [
      [
        0.9964908651949496,
        -0.044471845431281555,
        0.07090987623001728
      ],
      [
        0.05739778129288031,
        0.9796773800144317,
        -0.19219189834827455
      ],
      [
        -0.06092167336568172,
        0.19558754063588804,
        0.9787921452802582
      ]
    ],
    "mode_p": [
      0.013941231254071451,
      0.004035586043298878,
      0.013903016385320455
    ],
    "F_fro": 124.03795680710908,
    "F_traceS": 211.0359562025434,
    "F_s1": 83.824155247917,
    "F_s2": 75.1710328759419,
    "F_s3": 52.04076807868448,
    "F_matrix": [
      [
        61.086088923035156,
        -10.21024630892754,
        15.867528075012212
      ],
      [
        -5.145175502982038,
        78.82437974868185,
        -12.883476204521978
      ],
      [
        5.742543168433259,
        16.151568768836114,
        67.8106723421903
      ]
    ],
    "mu": [
      0.013941231254071451,
      0.004035586043298878,
      0.013903016385320455
    ],
    "Lambda": [
      [
        3146880.567343468,
        40690.930919418315,
        -406741.94527455256
      ],
      [
        40690.930919418315,
        2222450.386609334,
        765600.1104980989
      ],
      [
        -406741.94527455256,
        765600.1104980989,
        1037778.7752605804
      ]
    ],
    "Gamma": [
      [
        3.102991894665133e-05,
        -9.306609487026777e-06,
        -1.070019929821176e-06
      ],
      [
        -5.488793686554467e-06,
        -3.7244280305049787e-06,
        -3.3131892658916225e-05
      ],
      [
        2.684492038796488e-05,
        -1.2498074577221754e-05,
        -1.9859107637640958e-05
      ]
    ]
  },
  {
    "state_id": 4,
    "outer_t": 3,
    "source": "accepted_update",
    "branch": "full",
    "alpha": 0.1,
    "updated_best": true,
    "rho": 16.375371693218863,
    "s_rot": 14.860381432551884,
    "nominal_eR": 0.3101749763558576,
    "nominal_ep": 0.010379011268785997,
    "mode_eR": 0.4779813508613129,
    "mode_ep": 0.00672926836717428,
    "nominal_R": [
      [
        0.9984757237023556,
        -0.040448148379959976,
        0.03755231643574039
      ],
      [
        0.04928057386683339,
        0.959725622200109,
        -0.27658299863145824
      ],
      [
        -0.024852650088326825,
        0.27801200942629506,
        0.9602560431459622
      ]
    ],
    "nominal_p": [
      0.011173526076780871,
      -0.0022567049584918336,
      0.01424471076898252
    ],
    "mode_R": [
      [
        0.9980345401346749,
        -0.06173647635189218,
        -0.010754728533099653
      ],
      [
        0.048347058886260834,
        0.8677495934661481,
        -0.49464452381117446
      ],
      [
        0.03987002125929716,
        0.4931523603583252,
        0.8690288435246529
      ]
    ],
    "mode_p": [
      0.014445834372500565,
      -0.003398988657406448,
      0.018815684809815467
    ],
    "F_fro": 140.293797123401,
    "F_traceS": 233.69948047436054,
    "F_s1": 97.22940357048435,
    "F_s2": 89.64475175635836,
    "F_s3": 46.82532514751784,
    "F_matrix": [
      [
        50.6375934897014,
        0.7828148964593068,
        11.322095011483764
      ],
      [
        2.059981315944899,
        80.61944134270115,
        -41.68226600962838
      ],
      [
        16.089205263963457,
        48.07626544869759,
        78.60052182787518
      ]
    ],
    "mu": [
      0.014445834372500565,
      -0.003398988657406448,
      0.018815684809815467
    ],
    "Lambda": [
      [
        5581334.150493576,
        -28950.333391511333,
        -1070237.801578361
      ],
      [
        -28950.333391511333,
        4174076.185798875,
        610990.1195650045
      ],
      [
        -1070237.801578361,
        610990.1195650045,
        1344085.5878771574
      ]
    ],
    "Gamma": [
      [
        2.9304229782118618e-05,
        -5.99878249263498e-06,
        7.0060252663930295e-06
      ],
      [
        5.0788174339697015e-06,
        -4.409181729431021e-06,
        -6.260084882136726e-05
      ],
      [
        1.9367399170614483e-05,
        -1.2755113379061243e-05,
        -4.251044184822577e-06
      ]
    ]
  },
  {
    "state_id": 5,
    "outer_t": 4,
    "source": "accepted_update",
    "branch": "trans",
    "alpha": 0.25,
    "updated_best": true,
    "rho": 15.462648660067467,
    "s_rot": 16.28255415549836,
    "nominal_eR": 0.3101749763558575,
    "nominal_ep": 0.009270581353473127,
    "mode_eR": 0.334866450902672,
    "mode_ep": 0.009031179732781818,
    "nominal_R": [
      [
        0.9984757237023556,
        -0.04044814837995997,
        0.03755231643574039
      ],
      [
        0.049280573866833384,
        0.959725622200109,
        -0.2765829986314583
      ],
      [
        -0.02485265008832682,
        0.2780120094262951,
        0.9602560431459622
      ]
    ],
    "nominal_p": [
      0.011991603150710795,
      -0.0025422758832204873,
      0.015387454279190757
    ],
    "mode_R": [
      [
        0.9738470246768014,
        -0.20858629975271617,
        -0.09007623484366853
      ],
      [
        0.15496307549333294,
        0.8997079141536829,
        -0.4080589595179566
      ],
      [
        0.16615780981280792,
        0.38342851323903837,
        0.90850104979219
      ]
    ],
    "mode_p": [
      0.01141221967003287,
      -0.0017420312692297429,
      0.01929573292613477
    ],
    "F_fro": 145.93758698596187,
    "F_traceS": 245.45142018638245,
    "F_s1": 107.54566066244335,
    "F_s2": 79.50538925086624,
    "F_s3": 58.400370273072845,
    "F_matrix": [
      [
        69.67505967876376,
        -24.395339237354786,
        -0.3333083888419235
      ],
      [
        4.7913782569784615,
        81.12078174364886,
        -13.75507609178354
      ],
      [
        20.352878440190054,
        52.76944063754399,
        76.52664570242743
      ]
    ],
    "mu": [
      0.01141221967003287,
      -0.0017420312692297429,
      0.01929573292613477
    ],
    "Lambda": [
      [
        5286320.315495594,
        1251060.5178290522,
        177858.0956180122
      ],
      [
        1251060.5178290522,
        4096325.142706452,
        949564.4439693934
      ],
      [
        177858.0956180122,
        949564.4439693934,
        1360823.4490023803
      ]
    ],
    "Gamma": [
      [
        2.770502017199611e-05,
        -2.445565696599085e-05,
        -1.9491689844085688e-05
      ],
      [
        1.0478902592364707e-05,
        1.3963730287662814e-05,
        -3.7505232813280855e-05
      ],
      [
        1.8954472204478927e-06,
        -1.6691596167146824e-05,
        -1.729267140360296e-05
      ]
    ]
  },
  {
    "state_id": 6,
    "outer_t": 5,
    "source": "accepted_update",
    "branch": "full",
    "alpha": 0.25,
    "updated_best": true,
    "rho": 14.959273050606264,
    "s_rot": 25.85045473935384,
    "nominal_eR": 0.29708707702363374,
    "nominal_ep": 0.009044407170709883,
    "mode_eR": 0.34321568509321937,
    "mode_ep": 0.010598134693367975,
    "nominal_R": [
      [
        0.9966848326743812,
        -0.08128801776673475,
        0.0034062419755038144
      ],
      [
        0.07836731367181413,
        0.9479399077277958,
        -0.3086559500234552
      ],
      [
        0.021861117645357392,
        0.30789964193641595,
        0.9511676519051319
      ]
    ],
    "nominal_p": [
      0.011846757280541314,
      -0.0023422147297228013,
      0.01636452394092676
    ],
    "mode_R": [
      [
        0.996388418266028,
        0.01901628718853952,
        -0.08275566909212712
      ],
      [
        -0.04142900466669097,
        0.9595986438706179,
        -0.2783057316226145
      ],
      [
        0.07411988611465842,
        0.2807290927268388,
        0.956920800787147
      ]
    ],
    "mode_p": [
      0.011582736353249806,
      -0.00018291139739717608,
      0.01793419760964046
    ],
    "F_fro": 168.33884161910933,
    "F_traceS": 266.3920034261107,
    "F_s1": 121.08252189940741,
    "F_s2": 112.14882751924102,
    "F_s3": 33.160654007462256,
    "F_matrix": [
      [
        96.13967414631382,
        -24.39920447813615,
        16.779644633906184
      ],
      [
        -32.83159776260139,
        79.65560501107345,
        10.488899679925726
      ],
      [
        22.264817919594016,
        56.456944377315615,
        83.67912569010966
      ]
    ],
    "mu": [
      0.011582736353249804,
      -0.00018291139739717616,
      0.01793419760964046
    ],
    "Lambda": [
      [
        13788022.118773542,
        1006807.7723507462,
        10212.655983066
      ],
      [
        1006807.7723507462,
        2914233.562041408,
        926035.8775583664
      ],
      [
        10212.655983066,
        926035.8775583664,
        1812272.3805823713
      ]
    ],
    "Gamma": [
      [
        1.867638509507754e-05,
        -3.265887173930744e-05,
        -1.5301370005524454e-05
      ],
      [
        5.355144642519603e-06,
        6.055026516548708e-06,
        -2.362456595555304e-05
      ],
      [
        9.195773099130357e-06,
        -1.1901516916295575e-05,
        -2.7409541339058145e-05
      ]
    ]
  },
  {
    "state_id": 7,
    "outer_t": 6,
    "source": "accepted_update",
    "branch": "trans",
    "alpha": 0.05,
    "updated_best": true,
    "rho": 14.870006476317748,
    "s_rot": 29.835953913501413,
    "nominal_eR": 0.29708707702363374,
    "nominal_ep": 0.009109634500383426,
    "mode_eR": 0.39933278224768043,
    "mode_ep": 0.008583708714187097,
    "nominal_R": [
      [
        0.9966848326743812,
        -0.08128801776673475,
        0.003406241975503814
      ],
      [
        0.07836731367181413,
        0.9479399077277958,
        -0.3086559500234552
      ],
      [
        0.021861117645357392,
        0.30789964193641595,
        0.9511676519051319
      ]
    ],
    "nominal_p": [
      0.011833556234176739,
      -0.00223424956310652,
      0.016443007624362443
    ],
    "mode_R": [
      [
        0.990350949781359,
        -0.01290304922582523,
        -0.13798009852089688
      ],
      [
        -0.039607033144199895,
        0.9277723702516882,
        -0.3710386932963702
      ],
      [
        0.132801653576583,
        0.37292350464705204,
        0.9183091965613134
      ]
    ],
    "mode_p": [
      0.01157294483814574,
      -0.002271080184015941,
      0.01851704798266817
    ],
    "F_fro": 190.03916268984074,
    "F_traceS": 291.6464101671897,
    "F_s1": 140.91889762239182,
    "F_s2": 124.84787559251271,
    "F_s3": 25.87963695228511,
    "F_matrix": [
      [
        111.52324193185439,
        -26.07680177328735,
        12.517096292243114
      ],
      [
        -29.861874639279954,
        81.47783248180974,
        19.058687557620384
      ],
      [
        29.672235000917503,
        82.63257340595473,
        85.07988330144288
      ]
    ],
    "mu": [
      0.01157294483814574,
      -0.0022710801840159413,
      0.01851704798266817
    ],
    "Lambda": [
      [
        17926087.037877228,
        2080138.0951364085,
        44541.39229542467
      ],
      [
        2080138.0951364085,
        4385871.002620292,
        1058418.7836473577
      ],
      [
        44541.39229542467,
        1058418.7836473577,
        1952253.7031164886
      ]
    ],
    "Gamma": [
      [
        1.752212139822866e-05,
        -3.1527089681962924e-05,
        -1.538216543414592e-05
      ],
      [
        1.209904044891936e-05,
        1.3058527533572882e-05,
        -3.10329435374352e-05
      ],
      [
        8.535427970740812e-06,
        -1.2634435403621099e-05,
        -2.4443466478298862e-05
      ]
    ]
  },
  {
    "state_id": 8,
    "outer_t": 7,
    "source": "accepted_update",
    "branch": "trans",
    "alpha": 0.1,
    "updated_best": true,
    "rho": 14.80862030598504,
    "s_rot": 35.18939922084645,
    "nominal_eR": 0.29708707702363374,
    "nominal_ep": 0.009036676355182599,
    "mode_eR": 0.39745875230641897,
    "mode_ep": 0.008379303783991326,
    "nominal_R": [
      [
        0.9966848326743812,
        -0.08128801776673475,
        0.003406241975503813
      ],
      [
        0.07836731367181413,
        0.9479399077277958,
        -0.3086559500234552
      ],
      [
        0.021861117645357392,
        0.30789964193641595,
        0.9511676519051319
      ]
    ],
    "nominal_p": [
      0.011807495094573638,
      -0.002237932625197462,
      0.016650411660193015
    ],
    "mode_R": [
      [
        0.9906212811309013,
        -0.004913666900684129,
        -0.13654791557603801
      ],
      [
        -0.045388513584339825,
        0.9307703105470642,
        -0.36277611806557203
      ],
      [
        0.12887730678896078,
        0.3655714497628487,
        0.9218178534358686
      ]
    ],
    "mode_p": [
      0.01154753177456677,
      -0.002547865397945663,
      0.018339010858057846
    ],
    "F_fro": 212.13004001751995,
    "F_traceS": 313.17098908134335,
    "F_s1": 157.03530134950196,
    "F_s2": 141.90314568301164,
    "F_s3": 14.232542048829696,
    "F_matrix": [
      [
        130.10701302071922,
        -29.003898421456075,
        12.892360283544473
      ],
      [
        -32.91821018374533,
        77.58036279294127,
        33.597644168932426
      ],
      [
        31.410188947018767,
        96.65944877975605,
        92.21229857647316
      ]
    ],
    "mu": [
      0.011547531774566768,
      -0.002547865397945662,
      0.018339010858057846
    ],
    "Lambda": [
      [
        32036086.33720743,
        2975296.382529712,
        -969867.9585372373
      ],
      [
        2975296.382529712,
        5067998.603455024,
        1174122.9616996194
      ],
      [
        -969867.9585372373,
        1174122.9616996194,
        2183132.7415058636
      ]
    ],
    "Gamma": [
      [
        1.3129096445401127e-05,
        -3.335484946704954e-05,
        -1.5812769672815496e-05
      ],
      [
        1.4667911938644982e-05,
        1.512223936143685e-05,
        -2.9702891403068514e-05
      ],
      [
        1.1145354822301744e-05,
        -1.122359956628427e-05,
        -2.6219642251430123e-05
      ]
    ]
  },
  {
    "state_id": 9,
    "outer_t": 8,
    "source": "accepted_update",
    "branch": "trans",
    "alpha": 0.1,
    "updated_best": true,
    "rho": 14.793667839475718,
    "s_rot": 39.776308259861175,
    "nominal_eR": 0.29708707702363374,
    "nominal_ep": 0.00895797355425375,
    "mode_eR": 0.41314872646290807,
    "mode_ep": 0.008782316512838527,
    "nominal_R": [
      [
        0.9966848326743812,
        -0.08128801776673475,
        0.0034062419755038122
      ],
      [
        0.07836731367181413,
        0.9479399077277958,
        -0.3086559500234552
      ],
      [
        0.021861117645357392,
        0.30789964193641595,
        0.9511676519051319
      ]
    ],
    "nominal_p": [
      0.01178149876257295,
      -0.0022689259024722824,
      0.0168192715799795
    ],
    "mode_R": [
      [
        0.9909598261745587,
        0.033413294843062435,
        -0.12993142281918799
      ],
      [
        -0.07729939856400914,
        0.9337735856194439,
        -0.3494162185432245
      ],
      [
        0.10965138343737685,
        0.3563010560286558,
        0.9279149376872502
      ]
    ],
    "mode_p": [
      0.011504118057019723,
      -0.002175815926893827,
      0.01807905326399392
    ],
    "F_fro": 221.31481213686695,
    "F_traceS": 323.35839087466894,
    "F_s1": 162.22691649759335,
    "F_s2": 150.13943055533602,
    "F_s3": 10.992043821739557,
    "F_matrix": [
      [
        140.65162953365962,
        -25.48756471074216,
        10.246248912290548
      ],
      [
        -35.91085092122008,
        66.11858215487031,
        37.5208367270758
      ],
      [
        26.274026775877175,
        99.37469838537967,
        103.96171958026183
      ]
    ],
    "mu": [
      0.011504118057019725,
      -0.002175815926893828,
      0.01807905326399392
    ],
    "Lambda": [
      [
        101915930.69192852,
        3405529.3962016758,
        -6865624.835898871
      ],
      [
        3405529.3962016758,
        4528263.949078523,
        1084935.1054260815
      ],
      [
        -6865624.835898871,
        1084935.1054260815,
        2761889.0273304973
      ]
    ],
    "Gamma": [
      [
        8.192499878381871e-06,
        -3.3685612497040866e-05,
        -1.4302221204906407e-05
      ],
      [
        1.3515329075360244e-05,
        1.1535086120679602e-05,
        -2.719342799861826e-05
      ],
      [
        1.5960868104180994e-05,
        -8.580790911939454e-06,
        -2.8343678071628658e-05
      ]
    ]
  },
  {
    "state_id": 10,
    "outer_t": 9,
    "source": "accepted_update",
    "branch": "fallback",
    "alpha": 0.05,
    "updated_best": true,
    "rho": 14.59716338091458,
    "s_rot": 33.52917180635494,
    "nominal_eR": 0.332109936634068,
    "nominal_ep": 0.008921608434445035,
    "mode_eR": 0.34019414738452264,
    "mode_ep": 0.007886014355397802,
    "nominal_R": [
      [
        0.9980635839155283,
        -0.05419681633162053,
        -0.03052519551465402
      ],
      [
        0.04076271709950533,
        0.940564894831119,
        -0.3371588342398757
      ],
      [
        0.046983862722821755,
        0.33526166454106077,
        0.940952779332098
      ]
    ],
    "nominal_p": [
      0.011977369076558362,
      -0.0021195109770634542,
      0.01710920562516257
    ],
    "mode_R": [
      [
        0.9834866440222845,
        -0.08205096763976033,
        -0.16131230498372628
      ],
      [
        0.02139712638915332,
        0.937787816554335,
        -0.34654894907435385
      ],
      [
        0.17971139088012839,
        0.33737464313672394,
        0.9240574474329494
      ]
    ],
    "mode_p": [
      0.01151546838538618,
      -0.0032128516089519592,
      0.01800453550314945
    ],
    "F_fro": 228.2139056121212,
    "F_traceS": 329.05176739576746,
    "F_s1": 176.5951873729737,
    "F_s2": 144.32462660639743,
    "F_s3": 8.131953416396323,
    "F_matrix": [
      [
        145.91414248625588,
        -34.00521405824671,
        -19.930642222189988
      ],
      [
        -8.548264190755491,
        67.71275485766722,
        48.95837462563697
      ],
      [
        21.75334759246588,
        107.64475569273579,
        100.60542061937588
      ]
    ],
    "mu": [
      0.01151546838538618,
      -0.00321285160895196,
      0.01800453550314945
    ],
    "Lambda": [
      [
        34757636.68065064,
        8168505.394684817,
        342751.3812629342
      ],
      [
        8168505.394684817,
        10356154.564739056,
        2845320.7277989583
      ],
      [
        342751.3812629342,
        2845320.7277989583,
        2748709.3730694074
      ]
    ],
    "Gamma": [
      [
        1.2167703716565413e-05,
        -3.4373096783114886e-05,
        -1.5164183574606265e-05
      ],
      [
        1.9822686662793585e-05,
        3.118568366870592e-05,
        -2.568465005066529e-05
      ],
      [
        1.753093041315747e-05,
        -1.03329956961348e-05,
        -3.225304886511015e-05
      ]
    ]
  },
  {
    "state_id": 11,
    "outer_t": 10,
    "source": "accepted_update",
    "branch": "rot",
    "alpha": 0.1,
    "updated_best": true,
    "rho": 14.589569689398804,
    "s_rot": 34.9437141458101,
    "nominal_eR": 0.3304718607133756,
    "nominal_ep": 0.008921608434445035,
    "mode_eR": 0.3598964616848522,
    "mode_ep": 0.008900103851908842,
    "nominal_R": [
      [
        0.9974200942245116,
        -0.05696422469581874,
        -0.043683323385139736
      ],
      [
        0.03888758650908537,
        0.9402658692958081,
        -0.3382127298800225
      ],
      [
        0.06033996397633017,
        0.33564143388771717,
        0.9400552731648986
      ]
    ],
    "nominal_p": [
      0.011977369076558362,
      -0.0021195109770634542,
      0.01710920562516257
    ],
    "mode_R": [
      [
        0.9865726463961628,
        0.0051406365920758194,
        -0.16324211233104471
      ],
      [
        -0.05370010114752512,
        0.9541427581422666,
        -0.29449600374438956
      ],
      [
        0.154242382371444,
        0.29930781971090853,
        0.941607198645106
      ]
    ],
    "mode_p": [
      0.011514883445833339,
      -0.0021053043003878237,
      0.01782293982876883
    ],
    "F_fro": 214.4018743752024,
    "F_traceS": 315.33861507380783,
    "F_s1": 161.69513991875684,
    "F_s2": 140.14506161138104,
    "F_s3": 13.498413543669963,
    "F_matrix": [
      [
        135.39092965835655,
        -31.61181624090099,
        -3.0163413304331774
      ],
      [
        -30.513993774220655,
        66.60536942335094,
        41.54880134687507
      ],
      [
        25.364616966312177,
        90.35898988624929,
        103.57249571304386
      ]
    ],
    "mu": [
      0.011514883445833339,
      -0.0021053043003878232,
      0.01782293982876883
    ],
    "Lambda": [
      [
        27718540.846227884,
        3191512.8794930945,
        -169499.79752923746
      ],
      [
        3191512.8794930945,
        4816499.818959952,
        1542905.561562242
      ],
      [
        -169499.79752923746,
        1542905.561562242,
        2355147.601781744
      ]
    ],
    "Gamma": [
      [
        1.414552211433333e-05,
        -3.3724147567562476e-05,
        -1.4372265261660094e-05
      ],
      [
        1.1771007579791186e-05,
        1.5363957265931303e-05,
        -2.0087311511683378e-05
      ],
      [
        1.9480739830257166e-05,
        -8.505555882304853e-06,
        -3.333168765558949e-05
      ]
    ]
  },
  {
    "state_id": 12,
    "outer_t": 11,
    "source": "accepted_update",
    "branch": "fallback",
    "alpha": 0.05,
    "updated_best": true,
    "rho": 14.42068614498795,
    "s_rot": 28.727861864000204,
    "nominal_eR": 0.3672983927479949,
    "nominal_ep": 0.008836664029405797,
    "mode_eR": 0.29831251738413095,
    "mode_ep": 0.008069620764651496,
    "nominal_R": [
      [
        0.9961474594350115,
        -0.0304293740002103,
        -0.0822453175513836
      ],
      [
        -0.0011816081965979053,
        0.9331244006241882,
        -0.35955174420633745
      ],
      [
        0.0876860471411635,
        0.35826373826792035,
        0.9294935454208665
      ]
    ],
    "nominal_p": [
      0.012198290118497794,
      -0.0020311645212521116,
      0.017404867244024676
    ],
    "mode_R": [
      [
        0.9748111862027631,
        -0.1269452085851065,
        -0.1833795661224185
      ],
      [
        0.06308987635475129,
        0.9455820153762831,
        -0.31920889664680413
      ],
      [
        0.213922459679915,
        0.2995990090340947,
        0.9297728835744159
      ]
    ],
    "mode_p": [
      0.011290474677496509,
      -0.0031943929958091317,
      0.01775457922172521
    ],
    "F_fro": 231.02868540833356,
    "F_traceS": 330.9003703948086,
    "F_s1": 184.3643209501218,
    "F_s2": 139.02379917856663,
    "F_s3": 7.512250266120112,
    "F_matrix": [
      [
        143.0163298876938,
        -36.43124322703816,
        -37.16901481253775
      ],
      [
        7.063332966996517,
        81.96596420070595,
        54.75743777943154
      ],
      [
        15.931803662452534,
        110.50376055218194,
        89.33208441271
      ]
    ],
    "mu": [
      0.011290474677496509,
      -0.0031943929958091317,
      0.01775457922172521
    ],
    "Lambda": [
      [
        29461896.930190768,
        15334270.507433917,
        4982700.021671748
      ],
      [
        15334270.507433917,
        16032319.859513706,
        5484637.494893169
      ],
      [
        4982700.021671748,
        5484637.494893169,
        3686336.6039907895
      ]
    ],
    "Gamma": [
      [
        2.0798092115534564e-05,
        -3.0170930346528048e-05,
        -1.438303420952475e-05
      ],
      [
        1.6204201864339205e-05,
        3.5726109857103615e-05,
        -2.254840978053209e-05
      ],
      [
        1.9329623735042352e-05,
        -1.0217196418389671e-05,
        -3.7059754199516505e-05
      ]
    ]
  },
  {
    "state_id": 13,
    "outer_t": 12,
    "source": "accepted_update",
    "branch": "rot",
    "alpha": 0.25,
    "updated_best": true,
    "rho": 14.369693033938786,
    "s_rot": 35.947222495999895,
    "nominal_eR": 0.3452597049894161,
    "nominal_ep": 0.008836664029405797,
    "mode_eR": 0.37018221437609333,
    "mode_ep": 0.008523034612286708,
    "nominal_R": [
      [
        0.992694844460374,
        -0.05518669104739143,
        -0.10729107564487331
      ],
      [
        0.014379785895822512,
        0.9370377683906529,
        -0.3489318592032771
      ],
      [
        0.119792184800948,
        0.34484003500276017,
        0.9309861345476153
      ]
    ],
    "nominal_p": [
      0.012198290118497794,
      -0.0020311645212521116,
      0.017404867244024676
    ],
    "mode_R": [
      [
        0.983687011536521,
        0.013361690289736439,
        -0.17939155099098186
      ],
      [
        -0.06614698384144828,
        0.9542383792779001,
        -0.291639661297579
      ],
      [
        0.16728550404332132,
        0.2987483568920314,
        0.9395557351170201
      ]
    ],
    "mode_p": [
      0.01155937979423491,
      -0.0025340869663733295,
      0.017749579111312367
    ],
    "F_fro": 217.53609224369205,
    "F_traceS": 320.9307250799931,
    "F_s1": 168.21423155787684,
    "F_s2": 137.0408638486714,
    "F_s3": 15.675629673444924,
    "F_matrix": [
      [
        139.75424925442428,
        -26.659800997205643,
        -2.4254980924664338
      ],
      [
        -28.35536910837397,
        107.69088891179963,
        41.93553087847953
      ],
      [
        23.71833424099333,
        91.12392889700465,
        63.62389610077126
      ]
    ],
    "mu": [
      0.01155937979423491,
      -0.002534086966373329,
      0.017749579111312367
    ],
    "Lambda": [
      [
        14487730.856048059,
        3410401.272111588,
        1859904.1692817535
      ],
      [
        3410401.272111588,
        5362480.408469514,
        1991105.0865974633
      ],
      [
        1859904.1692817535,
        1991105.0865974633,
        2618177.1083063413
      ]
    ],
    "Gamma": [
      [
        2.749294488343336e-05,
        -2.266215942730605e-05,
        -7.862032583543704e-06
      ],
      [
        4.946241734632575e-06,
        7.665623325512766e-06,
        -2.2189475602605862e-05
      ],
      [
        1.7045962070368148e-05,
        -1.0731731346724301e-05,
        -3.4952990785914365e-05
      ]
    ]
  },
  {
    "state_id": 14,
    "outer_t": 13,
    "source": "accepted_update",
    "branch": "rot",
    "alpha": 0.1,
    "updated_best": true,
    "rho": 14.366538774069129,
    "s_rot": 36.74595380585496,
    "nominal_eR": 0.34625836842019553,
    "nominal_ep": 0.008836664029405797,
    "mode_eR": 0.38735455775509897,
    "mode_ep": 0.00823670282041255,
    "nominal_R": [
      [
        0.992214780914574,
        -0.04850227362648142,
        -0.11470552727617905
      ],
      [
        0.006195363909188516,
        0.9391279095404677,
        -0.3435118440289711
      ],
      [
        0.1243842674966455,
        0.3401268865808952,
        0.9321170822509958
      ]
    ],
    "nominal_p": [
      0.012198290118497794,
      -0.0020311645212521116,
      0.017404867244024676
    ],
    "mode_R": [
      [
        0.9828308684575284,
        0.0033377369329203894,
        -0.1844785719783942
      ],
      [
        -0.06386930622197912,
        0.944176916861408,
        -0.32318827545071876
      ],
      [
        0.17310169187429675,
        0.329421931841602,
        0.9281793981187061
      ]
    ],
    "mode_p": [
      0.01156219660003577,
      -0.0028178851361839565,
      0.017892393011508287
    ],
    "F_fro": 220.82598922540646,
    "F_traceS": 323.9169169735367,
    "F_s1": 170.40095206068642,
    "F_s2": 139.78201482753434,
    "F_s3": 13.733950085315893,
    "F_matrix": [
      [
        138.92222481287934,
        -26.465455282488442,
        -2.268417565655108
      ],
      [
        -25.961117316673096,
        105.80197188645073,
        43.178802360418025
      ],
      [
        25.71313783029699,
        99.31061000370882,
        67.10408610358652
      ]
    ],
    "mu": [
      0.01156219660003577,
      -0.0028178851361839565,
      0.017892393011508287
    ],
    "Lambda": [
      [
        16058551.697358852,
        3985094.2220756076,
        2102156.150621798
      ],
      [
        3985094.2220756076,
        5960459.66791085,
        2105995.7513564792
      ],
      [
        2102156.150621798,
        2105995.7513564792,
        2655393.1844319273
      ]
    ],
    "Gamma": [
      [
        2.7174801963099516e-05,
        -2.2615991043151105e-05,
        -7.544743227480152e-06
      ],
      [
        5.759757513576257e-06,
        9.23581019325034e-06,
        -2.477857935680704e-05
      ],
      [
        1.747381986277325e-05,
        -1.023848530158207e-05,
        -3.427161549848319e-05
      ]
    ]
  },
  {
    "state_id": 15,
    "outer_t": 14,
    "source": "accepted_update",
    "branch": "fallback",
    "alpha": 0.05,
    "updated_best": true,
    "rho": 14.19962665924729,
    "s_rot": 37.22944298603545,
    "nominal_eR": 0.3874711603446785,
    "nominal_ep": 0.008752812772920495,
    "mode_eR": 0.33454000322179506,
    "mode_ep": 0.008362017890076828,
    "nominal_R": [
      [
        0.9874132736621922,
        -0.030499861117413877,
        -0.15519273651666715
      ],
      [
        -0.02866665704847405,
        0.9304660188331095,
        -0.3652549939022451
      ],
      [
        0.15554179428493936,
        0.3651064862046169,
        0.9178801686287482
      ]
    ],
    "nominal_p": [
      0.012415901818033164,
      -0.0019612539026929235,
      0.01769506416428003
    ],
    "mode_R": [
      [
        0.9801389469609971,
        -0.0516305752968223,
        -0.1914730486118246
      ],
      [
        -0.008980063963599934,
        0.9529686725763971,
        -0.3029357482027963
      ],
      [
        0.19810856392745,
        0.2986385654641711,
        0.9335780653572063
      ]
    ],
    "mode_p": [
      0.011243290610728018,
      -0.002900181984947849,
      0.01767555126714707
    ],
    "F_fro": 211.4834456440086,
    "F_traceS": 318.1510453710919,
    "F_s1": 166.0439920557516,
    "F_s2": 128.90408318035,
    "F_s3": 23.202970134990345,
    "F_matrix": [
      [
        133.03203972526967,
        -22.401622866905115,
        -30.56277417310672
      ],
      [
        -0.5403251924817922,
        106.70218428265206,
        37.84049660828141
      ],
      [
        8.639962083606504,
        91.42304242072683,
        65.88956988732777
      ]
    ],
    "mu": [
      0.011243290610728018,
      -0.0029001819849478485,
      0.01767555126714707
    ],
    "Lambda": [
      [
        22200545.11776852,
        9218760.672166035,
        5169223.684187276
      ],
      [
        9218760.672166035,
        9355437.21776603,
        4010829.83436941
      ],
      [
        5169223.684187276,
        4010829.83436941,
        3748966.194205275
      ]
    ],
    "Gamma": [
      [
        2.9257349523204356e-05,
        -2.0653359632605434e-05,
        -7.57241421069866e-06
      ],
      [
        8.13342625477726e-06,
        1.7302585430230346e-05,
        -2.069230930324337e-05
      ],
      [
        1.5975092710389294e-05,
        -1.2719980337130772e-05,
        -3.950751656504943e-05
      ]
    ]
  }
]