[
  {
    "state_id": 0,
    "outer_t": -1,
    "source": "initial_refresh",
    "branch": null,
    "alpha": null,
    "updated_best": true,
    "rho": 22.98081713627783,
    "s_rot": 41.57738698811995,
    "nominal_eR": 0.06577938303515435,
    "nominal_ep": 0.003648629879831605,
    "mode_eR": 0.13757642420411514,
    "mode_ep": 0.01113289651768793,
    "nominal_R": [
      [
        0.9790365033107107,
        -0.19819294281840238,
        -0.046979597721969114
      ],
      [
        0.19252231914816767,
        0.975738262538297,
        -0.1042592904663964
      ],
      [
        0.06650324664967595,
        0.09302903006979495,
        0.9934399416921615
      ]
    ],
    "nominal_p": [
      0.012499999999999999,
      -0.00825,
      0.018000000000000002
    ],
    "mode_R": [
      [
        0.9824281961183572,
        -0.16665581941267382,
        -0.08402783662286951
      ],
      [
        0.16910591977706355,
        0.9853321282026042,
        0.022886350256869692
      ],
      [
        0.07898118363244896,
        -0.03669380039757575,
        0.9962005509155273
      ]
    ],
    "mode_p": [
      0.012861658719541699,
      0.0007503593293357836,
      0.01805098595900412
    ],
    "F_fro": 244.57245131862177,
    "F_traceS": 340.12591736137125,
    "F_s1": 177.16022390983238,
    "F_s2": 168.52028231284083,
    "F_s3": -5.554588861301993,
    "F_matrix": [
      [
        48.550051423145824,
        -74.40870447847239,
        51.09049703087646
      ],
      [
        -36.5593097367295,
        150.01799906149208,
        35.93620727037541
      ],
      [
        72.29088953408929,
        12.223659046252308,
        137.1236578707504
      ]
    ],
    "mu": [
      0.012861658719541697,
      0.0007503593293357836,
      0.01805098595900412
    ],
    "Lambda": [
      [
        4510722.157261651,
        -702945.018352441,
        416355.15920865745
      ],
      [
        -702945.018352441,
        4874620.343393088,
        266486.045983967
      ],
      [
        416355.15920865745,
        266486.045983967,
        2999244.791698505
      ]
    ],
    "Gamma": [
      [
        -2.1105611182163522e-05,
        4.565712055714644e-06,
        -1.0491717133440608e-05
      ],
      [
        1.2760001995225218e-06,
        2.6212903653827436e-06,
        -9.355845294141475e-06
      ],
      [
        -5.45458032638364e-06,
        6.013518144350454e-06,
        2.2012631392700146e-05
      ]
    ]
  }
]