[
  {
    "state_id": 0,
    "outer_t": -1,
    "source": "initial_refresh",
    "branch": null,
    "alpha": null,
    "updated_best": true,
    "rho": 21.693461182726274,
    "s_rot": 41.57738698811995,
    "nominal_eR": 0.06577938303515435,
    "nominal_ep": 0.003648629879831605,
    "mode_eR": 0.10950781110028168,
    "mode_ep": 0.010526928459533218,
    "nominal_R": [
      [
        0.9790365033107107,
        -0.19819294281840238,
        -0.046979597721969114
      ],
      [
        0.19252231914816767,
        0.975738262538297,
        -0.1042592904663964
      ],
      [
        0.06650324664967595,
        0.09302903006979495,
        0.9934399416921615
      ]
    ],
    "nominal_p": [
      0.012499999999999999,
      -0.00825,
      0.018000000000000002
    ],
    "mode_R": [
      [
        0.9794302291460549,
        -0.19754564361930618,
        -0.0411356891511721
      ],
      [
        0.19753294729754087,
        0.98028631331492,
        -0.004413463423462254
      ],
      [
        0.0411966135362484,
        -0.0038029744249772346,
        0.999143821688684
      ]
    ],
    "mode_p": [
      0.013034964870096232,
      0.00023315471292728794,
      0.018504204441887686
    ],
    "F_fro": 243.8746831199559,
    "F_traceS": 339.00050985208287,
    "F_s1": 176.54643820257868,
    "F_s2": 168.14813086816162,
    "F_s3": -5.694059218657401,
    "F_matrix": [
      [
        48.488006720578845,
        -75.85181564895592,
        55.885566209103345
      ],
      [
        -34.95218787810573,
        149.2561389771024,
        31.773804037796683
      ],
      [
        68.55178187765055,
        17.139990916038364,
        136.91358096739367
      ]
    ],
    "mu": [
      0.013034964870096232,
      0.00023315471292728794,
      0.018504204441887686
    ],
    "Lambda": [
      [
        4510722.157261651,
        -702945.018352441,
        416355.15920865745
      ],
      [
        -702945.018352441,
        4874620.343393088,
        266486.045983967
      ],
      [
        416355.15920865745,
        266486.045983967,
        2999244.791698505
      ]
    ],
    "Gamma": [
      [
        -2.1105611182163522e-05,
        4.565712055714644e-06,
        -1.0491717133440608e-05
      ],
      [
        1.2760001995225218e-06,
        2.6212903653827436e-06,
        -9.355845294141475e-06
      ],
      [
        -5.45458032638364e-06,
        6.013518144350454e-06,
        2.2012631392700146e-05
      ]
    ]
  }
]