[
  {
    "state_id": 0,
    "outer_t": -1,
    "source": "initial_refresh",
    "branch": null,
    "alpha": null,
    "updated_best": true,
    "rho": 21.84372075588075,
    "s_rot": 7.403768494358642,
    "nominal_eR": 0.1315587660703087,
    "nominal_ep": 0.007297259759663213,
    "mode_eR": 0.33025876723505493,
    "mode_ep": 0.016394510947557377,
    "nominal_R": [
      [
        0.989139250940619,
        -0.14662510528919823,
        -0.01022842840139166
      ],
      [
        0.1444307885478865,
        0.9825259392788829,
        -0.11739900324783228
      ],
      [
        0.02726333743448449,
        0.1146466621541175,
        0.9930321511858782
      ]
    ],
    "nominal_p": [
      0.009999999999999998,
      -0.006500000000000001,
      0.016
    ],
    "mode_R": [
      [
        0.9951041020917561,
        -0.04578552745616082,
        0.08758716501702715
      ],
      [
        0.06884970975226379,
        0.9569447561552397,
        -0.281986615168198
      ],
      [
        -0.0709051723584938,
        0.2866363883782897,
        0.9554119726014856
      ]
    ],
    "mode_p": [
      0.010608694135849864,
      0.003343009041905081,
      0.011546566867556205
    ],
    "F_fro": 210.1072775707712,
    "F_traceS": 283.61368282001257,
    "F_s1": 152.65009763246948,
    "F_s2": 143.7993687130924,
    "F_s3": -12.835783525549267,
    "F_matrix": [
      [
        29.88794213889007,
        -15.70037178696813,
        75.18071227411058
      ],
      [
        -25.601903450571957,
        143.6603315093963,
        -24.11818777175776
      ],
      [
        58.88535382795392,
        45.93212243664446,
        99.50104407772713
      ]
    ],
    "mu": [
      0.010608694135849863,
      0.003343009041905081,
      0.011546566867556205
    ],
    "Lambda": [
      [
        9387741.033850791,
        -433720.9466347014,
        -1901116.5569491342
      ],
      [
        -433720.9466347014,
        3358132.5348414415,
        425198.2522569336
      ],
      [
        -1901116.5569491342,
        425198.2522569336,
        1407053.6928104288
      ]
    ],
    "Gamma": [
      [
        2.940322764944141e-05,
        1.551950171316133e-05,
        2.3385064056512736e-05
      ],
      [
        4.1764826783309745e-06,
        -6.033425879155453e-06,
        -2.2177208112860723e-05
      ],
      [
        3.1684191608675795e-05,
        5.513618062843606e-06,
        3.31230122433712e-05
      ]
    ]
  },
  {
    "state_id": 1,
    "outer_t": 0,
    "source": "accepted_update",
    "branch": "full",
    "alpha": 0.1,
    "updated_best": true,
    "rho": 20.41847904111301,
    "s_rot": 8.028651200683361,
    "nominal_eR": 0.14915107130256133,
    "nominal_ep": 0.0080165480552162,
    "mode_eR": 0.3467130169981473,
    "mode_ep": 0.01658550698415815,
    "nominal_R": [
      [
        0.9905185622257036,
        -0.13737860396883375,
        0.0003115411677140739
      ],
      [
        0.13618572105949803,
        0.9816144216624685,
        -0.13374070645754035
      ],
      [
        0.01806729824377281,
        0.1325150797299376,
        0.9910163098447667
      ]
    ],
    "nominal_p": [
      0.010060869413584986,
      -0.005515699095809492,
      0.015554656686755621
    ],
    "mode_R": [
      [
        0.9877161044662797,
        -0.05014055872320375,
        0.14799601801697923
      ],
      [
        0.08709400366912126,
        0.9630121480446173,
        -0.2549945827726061
      ],
      [
        -0.12973639236097217,
        0.2647518216923491,
        0.9555495494257441
      ]
    ],
    "mode_p": [
      0.010948592302302058,
      0.0038893176696653017,
      0.011891239782820315
    ],
    "F_fro": 185.1401647198159,
    "F_traceS": 265.3835933342501,
    "F_s1": 134.42084789045947,
    "F_s2": 127.25635106184693,
    "F_s3": 3.7063943819436855,
    "F_matrix": [
      [
        37.798828529340405,
        -18.59959253498859,
        64.2264503688048
      ],
      [
        -22.233333942704597,
        125.12946888523327,
        -18.667365022372586
      ],
      [
        40.260817621249096,
        39.88094239851057,
        93.08892922434045
      ]
    ],
    "mu": [
      0.010948592302302058,
      0.0038893176696653017,
      0.011891239782820315
    ],
    "Lambda": [
      [
        10212588.693877164,
        -465096.6662739597,
        -2458146.680857388
      ],
      [
        -465096.6662739597,
        2920454.643011118,
        538576.7014371046
      ],
      [
        -2458146.680857388,
        538576.7014371046,
        1549878.819278723
      ]
    ],
    "Gamma": [
      [
        3.1058371040347515e-05,
        1.1138520374783036e-05,
        2.125945158415242e-05
      ],
      [
        1.6659368221442298e-06,
        -5.051485662926492e-06,
        -2.45945845198524e-05
      ],
      [
        3.5101300381592716e-05,
        -5.385781989996089e-06,
        1.0948277936294857e-05
      ]
    ]
  },
  {
    "state_id": 2,
    "outer_t": 1,
    "source": "accepted_update",
    "branch": "full",
    "alpha": 0.25,
    "updated_best": true,
    "rho": 19.18283554178106,
    "s_rot": 9.601875950122425,
    "nominal_eR": 0.19623896360657134,
    "nominal_ep": 0.009885303590593348,
    "mode_eR": 0.46219238646842803,
    "mode_ep": 0.021644696116027505,
    "nominal_R": [
      [
        0.9923297949487327,
        -0.1175157442761889,
        0.03836180267165719
      ],
      [
        0.12225310815740097,
        0.9789170559788547,
        -0.16363243889750712
      ],
      [
        -0.018323635088611852,
        0.16706719414925525,
        0.9857752264265085
      ]
    ],
    "nominal_p": [
      0.010282800135764254,
      -0.0031644449044407937,
      0.014638802460771795
    ],
    "mode_R": [
      [
        0.9932657454280417,
        0.04208693422031697,
        0.10794373037472343
      ],
      [
        0.0028697964981408528,
        0.9224638256259248,
        -0.3860728618792601
      ],
      [
        -0.1158228096159627,
        0.3837827254834665,
        0.9161309384542946
      ]
    ],
    "mode_p": [
      0.011423480322667818,
      0.004292246083830189,
      0.0041433585260915815
    ],
    "F_fro": 150.97861548549645,
    "F_traceS": 246.83475527310628,
    "F_s1": 113.33752347720156,
    "F_s2": 89.53449592690241,
    "F_s3": 43.962735869002316,
    "F_matrix": [
      [
        69.74660607506509,
        -1.8479341752674798,
        29.688768823479233
      ],
      [
        -14.95175132556792,
        102.1790282586727,
        -22.38074796090716
      ],
      [
        10.055805708358193,
        47.10236009127715,
        59.668729687051936
      ]
    ],
    "mu": [
      0.011423480322667818,
      0.004292246083830189,
      0.0041433585260915815
    ],
    "Lambda": [
      [
        17647545.886966687,
        -774858.5951968584,
        562958.1801474262
      ],
      [
        -774858.5951968584,
        2697342.103760503,
        770169.2985663664
      ],
      [
        562958.1801474262,
        770169.2985663664,
        1417713.358671764
      ]
    ],
    "Gamma": [
      [
        3.303148564923049e-05,
        -3.352168048607148e-06,
        3.044213049059659e-06
      ],
      [
        2.727503564153043e-06,
        -1.2137003399509209e-06,
        -4.0488393807392054e-05
      ],
      [
        1.7973513195240036e-05,
        -8.06405255366452e-06,
        7.3947368653255545e-06
      ]
    ]
  },
  {
    "state_id": 3,
    "outer_t": 2,
    "source": "accepted_update",
    "branch": "full",
    "alpha": 0.25,
    "updated_best": true,
    "rho": 17.10314026457755,
    "s_rot": 6.775020610431064,
    "nominal_eR": 0.25949253920286014,
    "nominal_ep": 0.01261306118486647,
    "mode_eR": 0.4926767080761022,
    "mode_ep": 0.015646010212230492,
    "nominal_R": [
      [
        0.9950906764414988,
        -0.07927139446466461,
        0.05925024623432048
      ],
      [
        0.09046182763920832,
        0.9713695304195633,
        -0.21967679238520155
      ],
      [
        -0.04013979819797579,
        0.2239582134955187,
        0.9737717983226466
      ]
    ],
    "nominal_p": [
      0.010567970182490144,
      -0.001300272157373048,
      0.012014941477101741
    ],
    "mode_R": [
      [
        0.9945551062621305,
        -0.05633463365269185,
        0.08767296994591052
      ],
      [
        0.09224483843347103,
        0.8673295548736293,
        -0.48911177968343156
      ],
      [
        -0.04848742507395287,
        0.4945359969647595,
        0.867803616791131
      ]
    ],
    "mode_p": [
      0.013326473500753323,
      -0.002505720273070379,
      0.006367952611875513
    ],
    "F_fro": 127.91130835823509,
    "F_traceS": 216.09243118331455,
    "F_s1": 86.34633842141638,
    "F_s2": 80.50295926682574,
    "F_s3": 49.24313349507242,
    "F_matrix": [
      [
        52.45921396970847,
        -6.75832790970322,
        15.298089806548724
      ],
      [
        -1.0656185427720235,
        74.45874659493818,
        -37.0770966121911
      ],
      [
        3.9244368625570596,
        43.01410674516046,
        67.40965037293708
      ]
    ],
    "mu": [
      0.013326473500753323,
      -0.0025057202730703796,
      0.006367952611875513
    ],
    "Lambda": [
      [
        2875205.6936621987,
        -1493975.1242863229,
        -441115.91775959876
      ],
      [
        -1493975.1242863229,
        6344333.002693162,
        463758.1280501693
      ],
      [
        -441115.91775959876,
        463758.1280501693,
        1166049.7176419308
      ]
    ],
    "Gamma": [
      [
        3.8266452613172835e-05,
        6.209024717847445e-06,
        9.261330314557407e-06
      ],
      [
        8.324213493222089e-06,
        -7.213481902758252e-06,
        -7.728979212783748e-05
      ],
      [
        5.803027572944249e-06,
        -1.156407959089491e-05,
        -8.656251567197175e-06
      ]
    ]
  },
  {
    "state_id": 4,
    "outer_t": 3,
    "source": "accepted_update",
    "branch": "trans",
    "alpha": 0.25,
    "updated_best": true,
    "rho": 16.485402941702525,
    "s_rot": 2.85482413551322,
    "nominal_eR": 0.25949253920286014,
    "nominal_ep": 0.013146790256564568,
    "mode_eR": 0.38642890020719545,
    "mode_ep": 0.01687649847171875,
    "nominal_R": [
      [
        0.9950906764414988,
        -0.0792713944646646,
        0.059250246234320465
      ],
      [
        0.0904618276392083,
        0.9713695304195633,
        -0.21967679238520157
      ],
      [
        -0.04013979819797578,
        0.22395821349551873,
        0.9737717983226466
      ]
    ],
    "nominal_p": [
      0.011257596012055938,
      -0.001601634186297381,
      0.010603194260795184
    ],
    "mode_R": [
      [
        0.9774520425275186,
        -0.18961129911743269,
        0.0929250224954547
      ],
      [
        0.21113485838273757,
        0.8840691990893162,
        -0.41694570725368396
      ],
      [
        -0.003094532999105337,
        0.4271641446429855,
        0.9041687991724465
      ]
    ],
    "mode_p": [
      0.015077711347500024,
      0.002242250846184387,
      0.008383741745661272
    ],
    "F_fro": 119.58892096176459,
    "F_traceS": 204.133315672442,
    "F_s1": 79.5337572483921,
    "F_s2": 72.62853748731857,
    "F_s3": 51.971020936731335,
    "F_matrix": [
      [
        51.96744869458196,
        -16.589292518585395,
        10.22493736740864
      ],
      [
        8.395965833129303,
        70.17257637212377,
        -30.759497059986394
      ],
      [
        2.179460645779099,
        32.5258592868655,
        64.94327813661043
      ]
    ],
    "mu": [
      0.015077711347500024,
      0.0022422508461843868,
      0.008383741745661272
    ],
    "Lambda": [
      [
        1537554.9668037214,
        -186956.64475332858,
        -171391.36302510859
      ],
      [
        -186956.64475332858,
        1487182.6282510802,
        312994.656057562
      ],
      [
        -171391.36302510859,
        312994.656057562,
        483640.0105650171
      ]
    ],
    "Gamma": [
      [
        3.9444496765567027e-05,
        5.312429032872995e-06,
        6.375947554303292e-07
      ],
      [
        6.077844011801634e-06,
        -1.67616416560466e-06,
        -5.8803371085067764e-05
      ],
      [
        8.054125596291086e-06,
        -1.470552876217223e-05,
        -3.1367265527277926e-05
      ]
    ]
  },
  {
    "state_id": 5,
    "outer_t": 4,
    "source": "accepted_update",
    "branch": "full",
    "alpha": 0.25,
    "updated_best": true,
    "rho": 16.004242097837825,
    "s_rot": 1.9368460081854135,
    "nominal_eR": 0.27636847430039796,
    "nominal_ep": 0.013942824818941402,
    "mode_eR": 0.31036810621433425,
    "mode_ep": 0.015701841296649248,
    "nominal_R": [
      [
        0.9920274596136102,
        -0.10768576312996263,
        0.0654621706918143
      ],
      [
        0.12152517967599774,
        0.9549635661757404,
        -0.27069580340601634
      ],
      [
        -0.03336390380760479,
        0.2764929722362393,
        0.960436612289789
      ]
    ],
    "nominal_p": [
      0.01221262484591696,
      -0.0006406629281769389,
      0.010048331132011706
    ],
    "mode_R": [
      [
        0.9775079512356593,
        -0.20199247048779395,
        0.06064030950860076
      ],
      [
        0.210261569658819,
        0.91106980353071,
        -0.3546010228681258
      ],
      [
        0.01637918177658987,
        0.3593756460317667,
        0.9330492309860067
      ]
    ],
    "mode_p": [
      0.01419667221143429,
      0.0027679298859807668,
      0.01089602004637768
    ],
    "F_fro": 111.01366880834287,
    "F_traceS": 191.65946507343543,
    "F_s1": 69.95130414046503,
    "F_s2": 64.34775278180581,
    "F_s3": 57.360408151164584,
    "F_matrix": [
      [
        57.43138847848117,
        -14.443647316025231,
        6.507707848552466
      ],
      [
        11.101419718299704,
        63.796154707223664,
        -22.370928704561056
      ],
      [
        3.2963286272126515,
        24.60323989960784,
        58.86311704471423
      ]
    ],
    "mu": [
      0.01419667221143429,
      0.0027679298859807668,
      0.01089602004637768
    ],
    "Lambda": [
      [
        1071092.7788286281,
        -62511.40553782714,
        -154592.23454349674
      ],
      [
        -62511.40553782714,
        1144551.166617952,
        265352.13185603137
      ],
      [
        -154592.23454349674,
        265352.13185603137,
        448219.31491385103
      ]
    ],
    "Gamma": [
      [
        3.853687971589089e-05,
        5.676805785374544e-06,
        7.524308044473586e-07
      ],
      [
        6.085313624309792e-06,
        3.5688999092300705e-06,
        -5.71444351318278e-05
      ],
      [
        5.3623218401059375e-06,
        -1.779658733167491e-05,
        -3.644067032605891e-05
      ]
    ]
  },
  {
    "state_id": 6,
    "outer_t": 5,
    "source": "accepted_update",
    "branch": "full",
    "alpha": 0.25,
    "updated_best": true,
    "rho": 15.787037903523292,
    "s_rot": 1.801367654164298,
    "nominal_eR": 0.2792889970083577,
    "nominal_ep": 0.014296413604795808,
    "mode_eR": 0.35872980210883854,
    "mode_ep": 0.014591654641398964,
    "nominal_R": [
      [
        0.9893026262390195,
        -0.13134775093146636,
        0.06346717294652249
      ],
      [
        0.14425863834629696,
        0.9455187690458847,
        -0.29186247214129335
      ],
      [
        -0.021673923942161565,
        0.29789599813894857,
        0.9543522490746005
      ]
    ],
    "nominal_p": [
      0.012708636687296292,
      0.00021148527536248756,
      0.0102602533606032
    ],
    "mode_R": [
      [
        0.9788859840865426,
        -0.1875983451086448,
        0.08117321646588713
      ],
      [
        0.2044044461366451,
        0.8963863325340974,
        -0.39333238519811803
      ],
      [
        0.0010259427329500914,
        0.4016197253106069,
        0.9158059530724513
      ]
    ],
    "mode_p": [
      0.013990974639566901,
      -0.001152539876811635,
      0.008440557869669726
    ],
    "F_fro": 110.80656233549806,
    "F_traceS": 191.389308019286,
    "F_s1": 70.06034334656715,
    "F_s2": 62.81897908674039,
    "F_s3": 58.50998558597845,
    "F_matrix": [
      [
        58.6657816827291,
        -13.752024799965113,
        6.8332004750456745
      ],
      [
        10.883499763755868,
        62.60205490912624,
        -23.812817380758563
      ],
      [
        1.5267902884923865,
        28.200351059003786,
        56.55528706792659
      ]
    ],
    "mu": [
      0.013990974639566901,
      -0.0011525398768116352,
      0.008440557869669726
    ],
    "Lambda": [
      [
        1360801.6312795759,
        -165818.3417915509,
        -230807.23107043502
      ],
      [
        -165818.3417915509,
        1593819.6949639425,
        528461.0370836937
      ],
      [
        -230807.23107043502,
        528461.0370836937,
        625162.3061239057
      ]
    ],
    "Gamma": [
      [
        3.904744844763145e-05,
        3.4041964297907904e-06,
        5.971664725679424e-06
      ],
      [
        5.734155736902132e-06,
        1.1441549180868657e-05,
        -6.621057253034707e-05
      ],
      [
        1.5502724312868132e-06,
        -1.5811924713887465e-05,
        -3.7501698409405205e-05
      ]
    ]
  },
  {
    "state_id": 7,
    "outer_t": 6,
    "source": "accepted_update",
    "branch": "rot",
    "alpha": 0.25,
    "updated_best": true,
    "rho": 15.734891002197735,
    "s_rot": 2.0082969087132496,
    "nominal_eR": 0.2960094017354257,
    "nominal_ep": 0.014296413604795808,
    "mode_eR": 0.30310149739880066,
    "mode_ep": 0.014457539221197899,
    "nominal_R": [
      [
        0.9870437782876622,
        -0.1456495960425636,
        0.067311031163203
      ],
      [
        0.1595863902375456,
        0.934656698532131,
        -0.3177247864740287
      ],
      [
        -0.016636219359140617,
        0.3243501981834686,
        0.9457907723930165
      ]
    ],
    "nominal_p": [
      0.012708636687296292,
      0.00021148527536248756,
      0.0102602533606032
    ],
    "mode_R": [
      [
        0.9820771320286559,
        -0.18211350458203202,
        0.04857137217765293
      ],
      [
        0.18754119157140836,
        0.9185018341630807,
        -0.34811303064239596
      ],
      [
        0.018783189567966818,
        0.35098297976954285,
        0.9361934307084978
      ]
    ],
    "mode_p": [
      0.013721748910218542,
      0.000700912342588091,
      0.010362729145645335
    ],
    "F_fro": 108.48153764015416,
    "F_traceS": 187.61307062552697,
    "F_s1": 66.84323449463477,
    "F_s2": 62.327770546488054,
    "F_s3": 58.44206558440414,
    "F_matrix": [
      [
        59.28761409102423,
        -12.411839187034996,
        4.739146813076851
      ],
      [
        10.373002069047715,
        61.134122439129754,
        -20.277888347277973
      ],
      [
        2.832654857221327,
        23.903136934934253,
        56.9311234442396
      ]
    ],
    "mu": [
      0.013721748910218542,
      0.0007009123425880913,
      0.010362729145645335
    ],
    "Lambda": [
      [
        1293217.7028175923,
        -66180.2610805376,
        -190605.39942134637
      ],
      [
        -66180.2610805376,
        1111155.2002646516,
        354866.77209080313
      ],
      [
        -190605.39942134637,
        354866.77209080313,
        527362.5188749805
      ]
    ],
    "Gamma": [
      [
        3.936951826838892e-05,
        1.8212909114924467e-06,
        5.253797822947812e-06
      ],
      [
        6.913072767582172e-06,
        8.749324614642257e-06,
        -6.047676272984917e-05
      ],
      [
        1.3389458916467956e-06,
        -1.7479973143314303e-05,
        -3.7054545777519005e-05
      ]
    ]
  },
  {
    "state_id": 8,
    "outer_t": 7,
    "source": "accepted_update",
    "branch": "full",
    "alpha": 0.25,
    "updated_best": true,
    "rho": 15.705828962048292,
    "s_rot": 1.7324674824054245,
    "nominal_eR": 0.29690176993583234,
    "nominal_ep": 0.014328515614178097,
    "mode_eR": 0.2925284945517293,
    "mode_ep": 0.014759459566364694,
    "nominal_R": [
      [
        0.9859762316239694,
        -0.1547329834743391,
        0.0625185932161466
      ],
      [
        0.16670072513560502,
        0.9308005002667328,
        -0.32530185511684917
      ],
      [
        -0.007857411269594333,
        0.3311617920719871,
        0.9435412701942666
      ]
    ],
    "nominal_p": [
      0.012961914743026853,
      0.0003338420421688884,
      0.010285872306863734
    ],
    "mode_R": [
      [
        0.9822975770392489,
        -0.1809395768975994,
        0.048500924268918666
      ],
      [
        0.1866351817926037,
        0.9230639193467404,
        -0.3363336285854818
      ],
      [
        0.016086611205083423,
        0.3394316872543758,
        0.9404931422544156
      ]
    ],
    "mode_p": [
      0.01347862735977838,
      0.0009174001260760779,
      0.010184835891953034
    ],
    "F_fro": 107.9626139230507,
    "F_traceS": 186.71982129095528,
    "F_s1": 66.3487028053157,
    "F_s2": 62.327119235868324,
    "F_s3": 58.04399924977129,
    "F_matrix": [
      [
        59.65438355221621,
        -12.483436183651861,
        4.8678230702112
      ],
      [
        10.112167834643211,
        60.9233532069687,
        -19.30535618373022
      ],
      [
        2.7601375827611863,
        22.95228757033399,
        56.53950036782925
      ]
    ],
    "mu": [
      0.01347862735977838,
      0.0009174001260760778,
      0.010184835891953034
    ],
    "Lambda": [
      [
        1367493.4248225614,
        -71446.63279198363,
        -176841.9460958573
      ],
      [
        -71446.63279198363,
        1070536.7377281445,
        358891.2315356977
      ],
      [
        -176841.9460958573,
        358891.2315356977,
        521286.8595030436
      ]
    ],
    "Gamma": [
      [
        3.9043895367956385e-05,
        4.432907286024923e-07,
        5.825698966319514e-06
      ],
      [
        6.762989867395234e-06,
        1.0167069301533012e-05,
        -5.970206427590065e-05
      ],
      [
        1.4863279733691001e-06,
        -1.760896607697634e-05,
        -3.74615757769964e-05
      ]
    ]
  },
  {
    "state_id": 9,
    "outer_t": 8,
    "source": "accepted_update",
    "branch": "full",
    "alpha": 0.25,
    "updated_best": true,
    "rho": 15.685264801079578,
    "s_rot": 1.5915320921408806,
    "nominal_eR": 0.2954796786543383,
    "nominal_ep": 0.014433445712704352,
    "mode_eR": 0.30963667568353215,
    "mode_ep": 0.014827092966983877,
    "nominal_R": [
      [
        0.9851439616305119,
        -0.16128207837665767,
        0.05898699905441569
      ],
      [
        0.1717201496982992,
        0.9289263206410303,
        -0.32803670679957697
      ],
      [
        -0.0018881341408042325,
        0.33329263720463975,
        0.9428215382216522
      ]
    ],
    "nominal_p": [
      0.013091092897214735,
      0.00047973156314568574,
      0.010260613203136058
    ],
    "mode_R": [
      [
        0.9836924626057273,
        -0.1731736509179047,
        0.048580095105346305
      ],
      [
        0.17910423381095372,
        0.9184443758846041,
        -0.35267775920368594
      ],
      [
        0.016456380029402973,
        0.3556273541696494,
        0.9344829439442028
      ]
    ],
    "mode_p": [
      0.013521775428966144,
      0.0004953280873925597,
      0.009631508002261691
    ],
    "F_fro": 107.95577949187144,
    "F_traceS": 186.69494208229128,
    "F_s1": 66.49112861253809,
    "F_s2": 62.21161704590133,
    "F_s3": 57.99219642385185,
    "F_matrix": [
      [
        59.70331457776099,
        -11.977609618275412,
        4.81528597553119
      ],
      [
        9.646527546540513,
        60.71402829740013,
        -20.194331409329553
      ],
      [
        2.723025889103039,
        24.141718161668678,
        56.08936860287215
      ]
    ],
    "mu": [
      0.013521775428966144,
      0.0004953280873925597,
      0.009631508002261691
    ],
    "Lambda": [
      [
        1384297.950510158,
        -91661.48983173774,
        -166662.7500538993
      ],
      [
        -91661.48983173774,
        1071967.7145696105,
        371476.17814996326
      ],
      [
        -166662.7500538993,
        371476.17814996326,
        528594.666451496
      ]
    ],
    "Gamma": [
      [
        3.99962392372239e-05,
        1.0205889545501123e-06,
        6.914487378594942e-06
      ],
      [
        6.571605376398869e-06,
        1.1455893055078676e-05,
        -6.0971558168939884e-05
      ],
      [
        1.1474615279144785e-06,
        -1.722295427532093e-05,
        -3.734977796674877e-05
      ]
    ]
  },
  {
    "state_id": 10,
    "outer_t": 9,
    "source": "accepted_update",
    "branch": "rot",
    "alpha": 0.25,
    "updated_best": true,
    "rho": 15.682491396013923,
    "s_rot": 1.9029399007844126,
    "nominal_eR": 0.2987811868155478,
    "nominal_ep": 0.014433445712704352,
    "mode_eR": 0.28817251027985813,
    "mode_ep": 0.015018864100932987,
    "nominal_R": [
      [
        0.9848102935410709,
        -0.1642333884665032,
        0.05635671963803402
      ],
      [
        0.17361306557753858,
        0.9263703829021865,
        -0.33421013919751985
      ],
      [
        0.002681267670073661,
        0.3389178481497647,
        0.940812150755513
      ]
    ],
    "nominal_p": [
      0.013091092897214735,
      0.00047973156314568574,
      0.010260613203136058
    ],
    "mode_R": [
      [
        0.9832773962112665,
        -0.17666054489993016,
        0.04423362946505026
      ],
      [
        0.18124578482678988,
        0.925593002285195,
        -0.33230642425809404
      ],
      [
        0.017763096084654706,
        0.3347665544769049,
        0.942133656346672
      ]
    ],
    "mode_p": [
      0.013450741647998643,
      0.0010364708460730923,
      0.009932111010503428
    ],
    "F_fro": 107.68648283971103,
    "F_traceS": 186.2696904205967,
    "F_s1": 65.84502700027708,
    "F_s2": 62.421542629417814,
    "F_s3": 58.003120790901775,
    "F_matrix": [
      [
        60.25698623903851,
        -12.270246817329435,
        4.488186739868626
      ],
      [
        9.751083416709887,
        60.47929752934583,
        -18.78881251080289
      ],
      [
        2.7414557843791743,
        22.61367344954074,
        56.30301127734238
      ]
    ],
    "mu": [
      0.013450741647998643,
      0.0010364708460730923,
      0.009932111010503428
    ],
    "Lambda": [
      [
        1365023.3394719665,
        -78459.1079607996,
        -159360.85839139344
      ],
      [
        -78459.1079607996,
        1017652.6919922238,
        352007.1682802412
      ],
      [
        -159360.85839139344,
        352007.1682802412,
        515635.6967506468
      ]
    ],
    "Gamma": [
      [
        3.976036736385251e-05,
        1.0550237512907925e-06,
        6.436829343480471e-06
      ],
      [
        6.775816835671061e-06,
        1.1180405993607675e-05,
        -5.9752251172252694e-05
      ],
      [
        1.2521353299557494e-06,
        -1.787639143135738e-05,
        -3.8072069808656276e-05
      ]
    ]
  },
  {
    "state_id": 11,
    "outer_t": 10,
    "source": "accepted_update",
    "branch": "trans",
    "alpha": 0.25,
    "updated_best": true,
    "rho": 15.668830419662589,
    "s_rot": 1.571315678615603,
    "nominal_eR": 0.29878118681554805,
    "nominal_ep": 0.014578485257814853,
    "mode_eR": 0.28957627563126537,
    "mode_ep": 0.01526492817360632,
    "nominal_R": [
      [
        0.9848102935410709,
        -0.1642333884665032,
        0.05635671963803402
      ],
      [
        0.17361306557753858,
        0.9263703829021865,
        -0.3342101391975199
      ],
      [
        0.002681267670073666,
        0.3389178481497648,
        0.940812150755513
      ]
    ],
    "nominal_p": [
      0.013181005084910713,
      0.0006189163838775374,
      0.010178487654977902
    ],
    "mode_R": [
      [
        0.9845499827180585,
        -0.16991074671379702,
        0.042328119271132475
      ],
      [
        0.17424928785135188,
        0.9268374448695614,
        -0.33258012037847245
      ],
      [
        0.0172776506842805,
        0.334817396410077,
        0.9421246169419466
      ]
    ],
    "mode_p": [
      0.013513091887390118,
      0.0006964455806187219,
      0.009211432516275523
    ],
    "F_fro": 107.48027063863974,
    "F_traceS": 185.9049524231669,
    "F_s1": 65.812291547492,
    "F_s2": 62.24032903893396,
    "F_s3": 57.852331836740944,
    "F_matrix": [
      [
        60.19652325003006,
        -11.778765464779164,
        4.321195894712283
      ],
      [
        9.35389432406259,
        60.520680400557744,
        -18.692206049588965
      ],
      [
        2.685383644846245,
        22.671735996199928,
        56.125836784454364
      ]
    ],
    "mu": [
      0.013513091887390118,
      0.0006964455806187219,
      0.009211432516275523
    ],
    "Lambda": [
      [
        1318293.8025036184,
        -91900.22082772374,
        -148247.42519998876
      ],
      [
        -91900.22082772374,
        1018036.2006827053,
        360144.40452263836
      ],
      [
        -148247.42519998876,
        360144.40452263836,
        516524.08398221026
      ]
    ],
    "Gamma": [
      [
        4.032640643000765e-05,
        9.78633241716138e-07,
        6.975481801411598e-06
      ],
      [
        6.699628985846886e-06,
        1.1852708203641118e-05,
        -6.115200109569465e-05
      ],
      [
        1.091637816536612e-06,
        -1.7015527125242787e-05,
        -3.8582516699976456e-05
      ]
    ]
  },
  {
    "state_id": 12,
    "outer_t": 11,
    "source": "accepted_update",
    "branch": "fallback",
    "alpha": 0.25,
    "updated_best": true,
    "rho": 15.322471211402883,
    "s_rot": 0.31060577635785985,
    "nominal_eR": 1.2485104430257157,
    "nominal_ep": 0.01958989292878437,
    "mode_eR": 0.13148565763250833,
    "mode_ep": 0.05280075999573257,
    "nominal_R": [
      [
        0.9121748724280895,
        -0.3466325263649335,
        0.21859298656787188
      ],
      [
        0.2928100595744655,
        0.1781140741516791,
        -0.9394347479208379
      ],
      [
        0.2867041526082177,
        0.9209349967587039,
        0.2639686735623188
      ]
    ],
    "nominal_p": [
      0.012783967068704799,
      0.008487319603049612,
      0.013911312382512255
    ],
    "mode_R": [
      [
        0.9882780975233181,
        -0.15061885714819886,
        -0.02490706379847133
      ],
      [
        0.14537666669504815,
        0.9782974257460842,
        -0.147647457002221
      ],
      [
        0.04660500763145031,
        0.14229584199812817,
        0.9887263861219222
      ]
    ],
    "mode_p": [
      0.01664156787647733,
      -0.0209233592387133,
      -0.031632409724667
    ],
    "F_fro": 105.37330819724387,
    "F_traceS": 182.2836615967562,
    "F_s1": 63.491604863926774,
    "F_s2": 62.274727797273705,
    "F_s3": 56.51732893555571,
    "F_matrix": [
      [
        58.40244938473234,
        -12.290932462326015,
        -0.6277886377442481
      ],
      [
        5.386642482324037,
        59.637689820148864,
        -8.749209755404559
      ],
      [
        3.2632467898864075,
        8.894012870663039,
        61.556932726639516
      ]
    ],
    "mu": [
      0.01664156787647733,
      -0.0209233592387133,
      -0.031632409724667
    ],
    "Lambda": [
      [
        581275.2802062386,
        -37819.278943453464,
        -204315.4004562098
      ],
      [
        -37819.278943453464,
        210894.17317770378,
        -135496.28660848798
      ],
      [
        -204315.4004562098,
        -135496.28660848798,
        348737.32922700886
      ]
    ],
    "Gamma": [
      [
        4.9594938815276075e-05,
        -7.768337673850162e-05,
        0.00010862876424214445
      ],
      [
        1.2121243698288986e-05,
        2.4355493909449147e-05,
        -0.00018588735396041616
      ],
      [
        -1.6311231984189118e-06,
        1.4013594103063135e-05,
        -0.00022409334747711834
      ]
    ]
  },
  {
    "state_id": 13,
    "outer_t": 12,
    "source": "accepted_update",
    "branch": "full",
    "alpha": 0.25,
    "updated_best": true,
    "rho": 13.088554159021875,
    "s_rot": 0.012851521663653765,
    "nominal_eR": 0.948702624952027,
    "nominal_ep": 0.02075835475197034,
    "mode_eR": 0.1358286692425862,
    "mode_ep": 0.04626869704216986,
    "nominal_R": [
      [
        0.9340343789455973,
        -0.32942853531697713,
        0.13804571368435495
      ],
      [
        0.286877046906783,
        0.4616409921009217,
        -0.8393980905208924
      ],
      [
        0.21279412328763958,
        0.8236288208477095,
        0.5256940427313751
      ]
    ],
    "nominal_p": [
      0.013748367270647932,
      0.001134649892608884,
      0.0025253818557174415
    ],
    "mode_R": [
      [
        0.9908273205737496,
        -0.13400119708504196,
        -0.017461385524026447
      ],
      [
        0.13158033522042176,
        0.9861209952455336,
        -0.10125215118326979
      ],
      [
        0.030786948337312603,
        0.09802582269858337,
        0.9947075459130391
      ]
    ],
    "mode_p": [
      0.003920898222110814,
      -0.05016834190890828,
      -0.00011343178237651994
    ],
    "F_fro": 107.12070131961507,
    "F_traceS": 185.47678140342643,
    "F_s1": 63.30577432079674,
    "F_s2": 62.55963092023292,
    "F_s3": 59.611376162396766,
    "F_matrix": [
      [
        59.39763059976171,
        -8.662745428365753,
        -1.9374938539685986
      ],
      [
        7.788772271961962,
        62.3998690356091,
        -6.5028751947212955
      ],
      [
        0.9615578790388302,
        6.115088656122147,
        61.91085665502334
      ]
    ],
    "mu": [
      0.003920898222110814,
      -0.05016834190890828,
      -0.00011343178237652012
    ],
    "Lambda": [
      [
        25216.158840405573,
        -3795.2833110366537,
        -43860.60258228739
      ],
      [
        -3795.2833110366537,
        14056.511856895084,
        25376.874790121998
      ],
      [
        -43860.60258228739,
        25376.874790121998,
        202905.5824362662
      ]
    ],
    "Gamma": [
      [
        2.3933908069862047e-05,
        -7.646472671638834e-05,
        2.147629202814662e-05
      ],
      [
        1.0817111336392744e-05,
        -3.672991257756759e-05,
        8.179980695456974e-05
      ],
      [
        -2.3780688600705763e-06,
        -2.713277780465043e-07,
        -0.00014217465153632677
      ]
    ]
  },
  {
    "state_id": 14,
    "outer_t": 13,
    "source": "accepted_update",
    "branch": "rot",
    "alpha": 0.25,
    "updated_best": true,
    "rho": 12.735669035265545,
    "s_rot": 0.06456919598383991,
    "nominal_eR": 0.7133987137567549,
    "nominal_ep": 0.02075835475197034,
    "mode_eR": 0.13522212391767907,
    "mode_ep": 0.03282251428696273,
    "nominal_R": [
      [
        0.9513016933396041,
        -0.296930288244889,
        0.0828099762831036
      ],
      [
        0.2664932148839492,
        0.6571509104173087,
        -0.7050773343105845
      ],
      [
        0.1549401648057025,
        0.6928095588691816,
        0.7042786809704465
      ]
    ],
    "nominal_p": [
      0.013748367270647932,
      0.001134649892608884,
      0.0025253818557174415
    ],
    "mode_R": [
      [
        0.9897186079602661,
        -0.142585824786914,
        -0.011240979807320941
      ],
      [
        0.14019389276837832,
        0.982673577468973,
        -0.12123659750577916
      ],
      [
        0.02833283409123699,
        0.11841419979954002,
        0.992559987002394
      ]
    ],
    "mode_p": [
      0.009920227888997941,
      -0.03735105155742811,
      0.002580661949400381
    ],
    "F_fro": 104.64727699318465,
    "F_traceS": 181.2481718672841,
    "F_s1": 61.00464049296546,
    "F_s2": 60.46308791686046,
    "F_s3": 59.78044345745818,
    "F_matrix": [
      [
        59.28273010542869,
        -8.67886401772066,
        -0.914874269191002
      ],
      [
        8.434805248278757,
        59.891110234047225,
        -7.5653760739799605
      ],
      [
        1.4321055199812047,
        7.010602531989068,
        59.949356993239476
      ]
    ],
    "mu": [
      0.009920227888997941,
      -0.03735105155742811,
      0.002580661949400381
    ],
    "Lambda": [
      [
        55386.34600757386,
        269.3363274804132,
        -58062.12998292218
      ],
      [
        269.3363274804132,
        53637.74916305764,
        36932.81019465055
      ],
      [
        -58062.12998292218,
        36932.81019465055,
        300683.7996143921
      ]
    ],
    "Gamma": [
      [
        5.280837945556512e-05,
        -6.391836494569231e-05,
        1.1442612170133692e-05
      ],
      [
        1.7133684170307563e-05,
        -1.4874402639587799e-05,
        -1.1871979023130923e-05
      ],
      [
        4.165995852075423e-06,
        -3.8400292156187985e-06,
        -8.616597321371055e-05
      ]
    ]
  },
  {
    "state_id": 15,
    "outer_t": 14,
    "source": "accepted_update",
    "branch": "full",
    "alpha": 0.25,
    "updated_best": true,
    "rho": 12.29263442905362,
    "s_rot": 0.026891992489045648,
    "nominal_eR": 0.5440859370913125,
    "nominal_ep": 0.01766486716485022,
    "mode_eR": 0.1287446052815464,
    "mode_ep": 0.02551990683769341,
    "nominal_R": [
      [
        0.9628244955947248,
        -0.2655174997816851,
        0.0496935407517496
      ],
      [
        0.24407387629713495,
        0.7762874117022909,
        -0.5812106307887434
      ],
      [
        0.11574512340506513,
        0.5717327275416734,
        0.8122344210052325
      ]
    ],
    "nominal_p": [
      0.012791332425235434,
      -0.008486775469900364,
      0.0025392018791381764
    ],
    "mode_R": [
      [
        0.989287545654166,
        -0.14555699514978543,
        -0.011104646618348096
      ],
      [
        0.14414821377102946,
        0.9860563534493721,
        -0.08315142986592058
      ],
      [
        0.02305307962452341,
        0.08065995899509787,
        0.996475050633348
      ]
    ],
    "mode_p": [
      0.012537405176561319,
      -0.03415001936988082,
      0.027872600343882906
    ],
    "F_fro": 105.9373631109202,
    "F_traceS": 183.4664302129002,
    "F_s1": 62.1128170441331,
    "F_s2": 61.50540394728213,
    "F_s3": 59.848209221484986,
    "F_matrix": [
      [
        59.27549396989039,
        -8.924018427432996,
        -1.0110236711306781
      ],
      [
        8.762777684409594,
        61.14456175746292,
        -5.407774247696512
      ],
      [
        1.0243668964346444,
        4.76275375124311,
        61.31932456703652
      ]
    ],
    "mu": [
      0.012537405176561319,
      -0.03415001936988082,
      0.027872600343882906
    ],
    "Lambda": [
      [
        24583.925318980753,
        -691.00789019232,
        -10357.251381995855
      ],
      [
        -691.00789019232,
        44239.62544769356,
        69499.21282686965
      ],
      [
        -10357.251381995855,
        69499.21282686965,
        147828.4942068182
      ]
    ],
    "Gamma": [
      [
        4.738024653102721e-05,
        -5.977003640490248e-05,
        3.087319104683424e-05
      ],
      [
        1.0063869621359427e-05,
        -2.1512309067443323e-05,
        -5.043049950486393e-06
      ],
      [
        5.794558921447334e-06,
        1.810069056024156e-06,
        -6.542260934482342e-05
      ]
    ]
  },
  {
    "state_id": 16,
    "outer_t": 15,
    "source": "accepted_update",
