[
  {
    "state_id": 0,
    "outer_t": -1,
    "source": "initial_refresh",
    "branch": null,
    "alpha": null,
    "updated_best": true,
    "rho": 22.92673635545501,
    "s_rot": 7.403768494358642,
    "nominal_eR": 0.1315587660703087,
    "nominal_ep": 0.007297259759663213,
    "mode_eR": 0.3939753512548798,
    "mode_ep": 0.01629911481299286,
    "nominal_R": [
      [
        0.989139250940619,
        -0.14662510528919823,
        -0.01022842840139166
      ],
      [
        0.1444307885478865,
        0.9825259392788829,
        -0.11739900324783228
      ],
      [
        0.02726333743448449,
        0.1146466621541175,
        0.9930321511858782
      ]
    ],
    "nominal_p": [
      0.009999999999999998,
      -0.006500000000000001,
      0.016
    ],
    "mode_R": [
      [
        0.9960408927821912,
        0.013054239480802648,
        0.0879325124014577
      ],
      [
        0.01611286838149936,
        0.9462632594063144,
        -0.32299569559091457
      ],
      [
        -0.0874237689543011,
        0.3231337659999591,
        0.9423065604634768
      ]
    ],
    "mode_p": [
      0.011094849290162157,
      0.0035007542979389864,
      0.011745269537576757
    ],
    "F_fro": 213.3889354753029,
    "F_traceS": 288.2717711159971,
    "F_s1": 154.9554067010431,
    "F_s2": 146.14727959506519,
    "F_s3": -12.830915180111136,
    "F_matrix": [
      [
        30.88266095514487,
        -9.103001873059501,
        76.80123166357197
      ],
      [
        -32.168386101479065,
        143.75925099347657,
        -31.368771547589667
      ],
      [
        57.58275624115353,
        53.521956130014054,
        98.66055171229598
      ]
    ],
    "mu": [
      0.011094849290162157,
      0.003500754297938986,
      0.011745269537576757
    ],
    "Lambda": [
      [
        9387741.033850791,
        -433720.9466347014,
        -1901116.5569491342
      ],
      [
        -433720.9466347014,
        3358132.5348414415,
        425198.2522569336
      ],
      [
        -1901116.5569491342,
        425198.2522569336,
        1407053.6928104288
      ]
    ],
    "Gamma": [
      [
        2.940322764944141e-05,
        1.551950171316133e-05,
        2.3385064056512736e-05
      ],
      [
        4.1764826783309745e-06,
        -6.033425879155453e-06,
        -2.2177208112860723e-05
      ],
      [
        3.1684191608675795e-05,
        5.513618062843606e-06,
        3.31230122433712e-05
      ]
    ]
  },
  {
    "state_id": 1,
    "outer_t": 0,
    "source": "accepted_update",
    "branch": "full",
    "alpha": 0.25,
    "updated_best": true,
    "rho": 19.51409195520149,
    "s_rot": 8.859204754644065,
    "nominal_eR": 0.19292590631102988,
    "nominal_ep": 0.009164111510183131,
    "mode_eR": 0.5880640851332403,
    "mode_ep": 0.017183326138107618,
    "nominal_R": [
      [
        0.9938973134588144,
        -0.10891599306296403,
        0.017476748967105528
      ],
      [
        0.11030245982923569,
        0.9795258579984625,
        -0.16841158175136214
      ],
      [
        0.0012237871427263547,
        0.16931154705891813,
        0.9855618206777009
      ]
    ],
    "nominal_p": [
      0.010273712322540538,
      -0.003999811425515254,
      0.01493631738439419
    ],
    "mode_R": [
      [
        0.985148019403689,
        0.1311222517589839,
        0.11086178312945362
      ],
      [
        -0.0627336034859143,
        0.8758636281418963,
        -0.47846358261813965
      ],
      [
        -0.1598370259316043,
        0.46440269162846953,
        0.8710810898817472
      ]
    ],
    "mode_p": [
      0.011684151966337002,
      0.0035455287334821895,
      0.009960552788293869
    ],
    "F_fro": 177.77888921901175,
    "F_traceS": 267.77991630926124,
    "F_s1": 128.72579555610682,
    "F_s2": 121.32946746918546,
    "F_s3": 17.72465328396899,
    "F_matrix": [
      [
        50.878419285740556,
        -5.215227818289168,
        56.13826183162518
      ],
      [
        -43.905244552964675,
        101.77344342200608,
        -42.49730649162793
      ],
      [
        20.728147606094417,
        66.5372749664551,
        83.00377372652595
      ]
    ],
    "mu": [
      0.011684151966337002,
      0.00354552873348219,
      0.009960552788293869
    ],
    "Lambda": [
      [
        28343590.431877818,
        -2080090.574927903,
        -504268.16436548263
      ],
      [
        -2080090.574927903,
        2558474.4035762195,
        601782.4225834928
      ],
      [
        -504268.16436548263,
        601782.4225834928,
        824701.6586571721
      ]
    ],
    "Gamma": [
      [
        2.955041493169462e-05,
        -2.7639816131450826e-06,
        6.205632504778348e-06
      ],
      [
        -7.76649164353046e-07,
        -1.2569877676944383e-05,
        -4.0810839542657186e-05
      ],
      [
        2.1275985915936438e-05,
        -1.5105569952992328e-06,
        8.183374680205347e-06
      ]
    ]
  },
  {
    "state_id": 2,
    "outer_t": 1,
    "source": "accepted_update",
    "branch": "full",
    "alpha": 0.1,
    "updated_best": true,
    "rho": 18.79106176262368,
    "s_rot": 11.45092817655174,
    "nominal_eR": 0.23034786851687844,
    "nominal_ep": 0.009878174916605755,
    "mode_eR": 0.6778131653691746,
    "mode_ep": 0.012140356553045253,
    "nominal_R": [
      [
        0.9957924896519049,
        -0.08646479545599768,
        0.030350563415079156
      ],
      [
        0.09080417385714655,
        0.9755993418014656,
        -0.1999012913581805
      ],
      [
        -0.01232556542238005,
        0.20181616244319858,
        0.9793458617943503
      ]
    ],
    "nominal_p": [
      0.010414756286920184,
      -0.0032452774096155095,
      0.014438740924784157
    ],
    "mode_R": [
      [
        0.9914154992459728,
        0.12724008202401177,
        0.030087694849917777
      ],
      [
        -0.08462383549536234,
        0.7998657445660299,
        -0.5941831343414968
      ],
      [
        -0.09967002719430182,
        0.5865362326372976,
        0.8037668402482985
      ]
    ],
    "mode_p": [
      0.013237874760270631,
      -0.0012307587664451424,
      0.01179124978682511
    ],
    "F_fro": 190.4395614279497,
    "F_traceS": 282.13047026423715,
    "F_s1": 135.9241910308855,
    "F_s2": 132.7005506587621,
    "F_s3": 13.505728574589494,
    "F_matrix": [
      [
        37.930565378399635,
        3.9906701984445014,
        50.964923112364396
      ],
      [
        -41.91724595052183,
        104.1684232240704,
        -66.38324058596984
      ],
      [
        26.59713016322054,
        82.70270788459014,
        87.48230775613625
      ]
    ],
    "mu": [
      0.013237874760270631,
      -0.0012307587664451437,
      0.01179124978682511
    ],
    "Lambda": [
      [
        7782604.552655909,
        -1545420.266554483,
        -96403.32050732693
      ],
      [
        -1545420.266554483,
        4339054.448734159,
        763732.8976235429
      ],
      [
        -96403.32050732693,
        763732.8976235429,
        971397.2865502217
      ]
    ],
    "Gamma": [
      [
        3.4809325320158167e-05,
        -5.405932475433818e-06,
        3.5300525738046107e-06
      ],
      [
        1.4619563741814527e-06,
        -1.9058424485277606e-05,
        -6.833942061385142e-05
      ],
      [
        1.800203560110081e-05,
        -7.49893628484517e-06,
        3.6726135824073527e-06
      ]
    ]
  },
  {
    "state_id": 3,
    "outer_t": 2,
    "source": "accepted_update",
    "branch": "full",
    "alpha": 0.25,
    "updated_best": true,
    "rho": 18.053253451303988,
    "s_rot": 6.841139042322408,
    "nominal_eR": 0.33434705927553204,
    "nominal_ep": 0.01031800800580443,
    "mode_eR": 0.23768642538834406,
    "mode_ep": 0.01658697619655313,
    "nominal_R": [
      [
        0.998681248998251,
        -0.03333095627056874,
        0.039048818847467304
      ],
      [
        0.04367186605771929,
        0.9514074160285311,
        -0.30482240213106043
      ],
      [
        -0.026991313682915064,
        0.3061257520693133,
        0.9516083716033962
      ]
    ],
    "nominal_p": [
      0.011120535905257797,
      -0.0027416477488229176,
      0.013776868140294395
    ],
    "mode_R": [
      [
        0.9942377829076018,
        -0.0917274587750537,
        0.05547345622591934
      ],
      [
        0.10093827519619976,
        0.9753225471643825,
        -0.19636036665579487
      ],
      [
        -0.036092875188802054,
        0.20082829058539678,
        0.9789613383893944
      ]
    ],
    "mode_p": [
      0.014745135236979713,
      0.004950517364699756,
      0.012820525518855723
    ],
    "F_fro": 120.15218916808615,
    "F_traceS": 205.83131417385093,
    "F_s1": 79.81947786897102,
    "F_s2": 70.94027603901439,
    "F_s3": 55.07156026586551,
    "F_matrix": [
      [
        61.15524199024506,
        -12.134280684524475,
        11.544029517706106
      ],
      [
        -0.27482699489054874,
        75.23811310283294,
        -13.59350074045167
      ],
      [
        4.374237431960865,
        14.663124371151836,
        65.85063347299051
      ]
    ],
    "mu": [
      0.014745135236979713,
      0.004950517364699756,
      0.012820525518855723
    ],
    "Lambda": [
      [
        4233615.202076348,
        3227.3624654252126,
        -880195.290435439
      ],
      [
        3227.3624654252126,
        2165546.4298282475,
        778393.2776970529
      ],
      [
        -880195.290435439,
        778393.2776970529,
        1043192.3117398063
      ]
    ],
    "Gamma": [
      [
        2.7741035151557095e-05,
        -6.192293234446397e-06,
        2.3400883084302593e-07
      ],
      [
        -3.548550506755307e-06,
        -4.301939538515545e-06,
        -3.6916793283907256e-05
      ],
      [
        2.246535195415305e-05,
        -1.0104936308169135e-05,
        -1.8621013561358623e-05
      ]
    ]
  },
  {
    "state_id": 4,
    "outer_t": 3,
    "source": "accepted_update",
    "branch": "full",
    "alpha": 0.1,
    "updated_best": true,
    "rho": 17.0297483974818,
    "s_rot": 11.312262324395883,
    "nominal_eR": 0.32381319310960394,
    "nominal_ep": 0.010804535335324255,
    "mode_eR": 0.4657789410313073,
    "mode_ep": 0.007244407579412594,
    "nominal_R": [
      [
        0.9983946444363907,
        -0.03909396384049586,
        0.0409853138571695
      ],
      [
        0.049450047004501584,
        0.9544742820048298,
        -0.2941658339145067
      ],
      [
        -0.027619319542401495,
        0.2957203188531395,
        0.9548752097553962
      ]
    ],
    "nominal_p": [
      0.011482995838429988,
      -0.00197243123747065,
      0.013681233878150529
    ],
    "mode_R": [
      [
        0.9881612160048809,
        -0.15315946894218507,
        -0.008921225089706641
      ],
      [
        0.1270007399776399,
        0.8492414182845481,
        -0.5125034882956212
      ],
      [
        0.08607103594639302,
        0.5053030680130447,
        0.8586387984640096
      ]
    ],
    "mode_p": [
      0.014260643534848185,
      -0.0029839676396265563,
      0.01835376699332036
    ],
    "F_fro": 129.39922812549648,
    "F_traceS": 220.40686324694374,
    "F_s1": 87.48382913934401,
    "F_s2": 77.78568104959406,
    "F_s3": 55.13735305800568,
    "F_matrix": [
      [
        54.43518887342606,
        -10.300127679771636,
        0.94841531132072
      ],
      [
        8.479724244011516,
        72.05042931636343,
        -37.642693742959054
      ],
      [
        8.089116166728754,
        46.232190085744335,
        69.21695348200592
      ]
    ],
    "mu": [
      0.014260643534848185,
      -0.0029839676396265563,
      0.01835376699332036
    ],
    "Lambda": [
      [
        7927560.450105417,
        28021.392964685012,
        -786842.7962230026
      ],
      [
        28021.392964685012,
        3911574.3982274295,
        820035.3598591532
      ],
      [
        -786842.7962230026,
        820035.3598591532,
        976343.2042845254
      ]
    ],
    "Gamma": [
      [
        2.8331503713153203e-05,
        -1.0096488658335871e-05,
        -2.1566835079377197e-06
      ],
      [
        6.914978589539636e-06,
        2.0184638450755632e-06,
        -6.362881177827791e-05
      ],
      [
        1.1636224531951725e-05,
        -1.1907612407418237e-05,
        -1.8821505188013942e-06
      ]
    ]
  },
  {
    "state_id": 5,
    "outer_t": 4,
    "source": "accepted_update",
    "branch": "trans",
    "alpha": 0.25,
    "updated_best": true,
    "rho": 16.201750598350678,
    "s_rot": 14.502366365419206,
    "nominal_eR": 0.32381319310960405,
    "nominal_ep": 0.009743806608116062,
    "mode_eR": 0.4568569327453037,
    "mode_ep": 0.0058489786388543595,
    "nominal_R": [
      [
        0.9983946444363907,
        -0.03909396384049587,
        0.04098531385716952
      ],
      [
        0.0494500470045016,
        0.9544742820048298,
        -0.29416583391450674
      ],
      [
        -0.027619319542401512,
        0.29572031885313954,
        0.9548752097553962
      ]
    ],
    "nominal_p": [
      0.012177407762534537,
      -0.0022253153380096266,
      0.014849367156942987
    ],
    "mode_R": [
      [
        0.9500299283462851,
        -0.30077652819842937,
        -0.083526135617836
      ],
      [
        0.21533081139393231,
        0.8251677734500629,
        -0.5222363328263316
      ],
      [
        0.22599950643924072,
        0.4781543952996398,
        0.8487005345496454
      ]
    ],
    "mode_p": [
      0.013223800978891267,
      -0.004516282026123362,
      0.01900777757626161
    ],
    "F_fro": 152.2668861329316,
    "F_traceS": 255.2560209573196,
    "F_s1": 114.9270019242144,
    "F_s2": 78.25376318836781,
    "F_s3": 62.075255844737384,
    "F_matrix": [
      [
        64.06635781325805,
        -27.967310812883788,
        -15.971767933636304
      ],
      [
        23.601588066669375,
        86.2005869027901,
        -30.693063327227847
      ],
      [
        13.471045790886832,
        64.84524302620794,
        68.7562627564994
      ]
    ],
    "mu": [
      0.013223800978891267,
      -0.004516282026123361,
      0.01900777757626161
    ],
    "Lambda": [
      [
        3970415.1323723155,
        3252678.235375668,
        661648.2291676016
      ],
      [
        3252678.235375668,
        12785759.21849954,
        2803376.294566159
      ],
      [
        661648.2291676016,
        2803376.294566159,
        1627624.5578717324
      ]
    ],
    "Gamma": [
      [
        3.022448851396286e-05,
        -2.0070959956776524e-05,
        -1.5851189974189525e-05
      ],
      [
        1.0394475492236809e-05,
        2.4729938706176107e-05,
        -5.7198940293379567e-05
      ],
      [
        4.696466155191302e-06,
        -1.926416906114155e-05,
        -1.328470490691824e-05
      ]
    ]
  },
  {
    "state_id": 6,
    "outer_t": 5,
    "source": "accepted_update",
    "branch": "trans",
    "alpha": 0.25,
    "updated_best": true,
    "rho": 16.115026157969464,
    "s_rot": 16.087820539969012,
    "nominal_eR": 0.32381319310960405,
    "nominal_ep": 0.00867912682111926,
    "mode_eR": 0.21349138924707733,
    "mode_ep": 0.012644118922845098,
    "nominal_R": [
      [
        0.9983946444363907,
        -0.03909396384049588,
        0.04098531385716954
      ],
      [
        0.04945004700450161,
        0.9544742820048298,
        -0.29416583391450674
      ],
      [
        -0.02761931954240153,
        0.29572031885313954,
        0.9548752097553962
      ]
    ],
    "nominal_p": [
      0.01243900606662372,
      -0.0027980570100380603,
      0.015888969761772644
    ],
    "mode_R": [
      [
        0.9721275526323803,
        -0.20067590467398125,
        -0.12123202009476232
      ],
      [
        0.15924347256342342,
        0.9446680278867661,
        -0.28678185705248216
      ],
      [
        0.1720742219477392,
        0.2594831369700305,
        0.9502941459197105
      ]
    ],
    "mode_p": [
      0.012297596938808317,
      0.001813782513630691,
      0.016393713301670956
    ],
    "F_fro": 144.22318664279825,
    "F_traceS": 240.25682878509014,
    "F_s1": 102.74658738682001,
    "F_s2": 88.61630270148234,
    "F_s3": 48.89393869678778,
    "F_matrix": [
      [
        72.38321843392352,
        -29.018437784411542,
        6.206611708927292
      ],
      [
        -0.6063509409147243,
        87.99343496492237,
        -4.796040315259222
      ],
      [
        27.25316144218921,
        35.860167324875576,
        69.89638634392995
      ]
    ],
    "mu": [
      0.012297596938808317,
      0.0018137825136306913,
      0.016393713301670956
    ],
    "Lambda": [
      [
        3518605.4535052823,
        683154.3779534083,
        -146591.2981084463
      ],
      [
        683154.3779534083,
        3098296.642882717,
        1084133.8292897777
      ],
      [
        -146591.2981084463,
        1084133.8292897777,
        1433734.8535356726
      ]
    ],
    "Gamma": [
      [
        3.153070609426678e-05,
        -1.9271607260803175e-05,
        -1.1273580616984777e-05
      ],
      [
        1.7565091770977791e-06,
        5.045360200517045e-06,
        -2.3906069694291853e-05
      ],
      [
        7.744709877254687e-06,
        -1.2015170019829166e-05,
        -2.8804001468496346e-05
      ]
    ]
  },
  {
    "state_id": 7,
    "outer_t": 6,
    "source": "accepted_update",
    "branch": "full",
    "alpha": 0.05,
    "updated_best": true,
    "rho": 15.871902028261571,
    "s_rot": 17.565493963912335,
    "nominal_eR": 0.315213287587463,
    "nominal_ep": 0.008861785128978159,
    "mode_eR": 0.3702800732690725,
    "mode_ep": 0.008819087209637802,
    "nominal_R": [
      [
        0.9983366614226851,
        -0.04734268139773878,
        0.03290259833932366
      ],
      [
        0.05492883523660205,
        0.9544188221457339,
        -0.2933726895835739
      ],
      [
        -0.017513809378798678,
        0.2946920128744957,
        0.955431778846099
      ]
    ],
    "nominal_p": [
      0.012431935610232949,
      -0.0025674650338546228,
      0.01591420693876756
    ],
    "mode_R": [
      [
        0.9317319356495358,
        -0.3371064469400587,
        -0.13503645256825603
      ],
      [
        0.2489254196918508,
        0.8636203203039471,
        -0.438401731051948
      ],
      [
        0.26440827430699915,
        0.3748588878358867,
        0.8885769964884516
      ]
    ],
    "mode_p": [
      0.01191371528710834,
      -0.0020723743587021536,
      0.017675371519230394
    ],
    "F_fro": 160.11120106313786,
    "F_traceS": 265.90425321409464,
    "F_s1": 122.40439899575524,
    "F_s2": 85.10387281870051,
    "F_s3": 58.39598139963886,
    "F_matrix": [
      [
        78.24854153711023,
        -39.31862161668693,
        -12.322269841249863
      ],
      [
        22.369238251730568,
        93.56110238638657,
        -12.009438843487331
      ],
      [
        25.745551693821163,
        60.27068764075814,
        64.19728632548112
      ]
    ],
    "mu": [
      0.01191371528710834,
      -0.0020723743587021536,
      0.017675371519230394
    ],
    "Lambda": [
      [
        4579111.626486309,
        2450794.8360285284,
        280694.5377726592
      ],
      [
        2450794.8360285284,
        6261869.078315629,
        1769271.8721797962
      ],
      [
        280694.5377726592,
        1769271.8721797962,
        1681412.6799658875
      ]
    ],
    "Gamma": [
      [
        3.1895669265998366e-05,
        -1.5641078130971594e-05,
        -1.2357767840583603e-05
      ],
      [
        7.185236139586874e-06,
        2.2155616064216548e-05,
        -3.5950499134494275e-05
      ],
      [
        5.0541939893109635e-06,
        -1.672539886127689e-05,
        -2.523937994724872e-05
      ]
    ]
  },
  {
    "state_id": 8,
    "outer_t": 7,
    "source": "accepted_update",
    "branch": "full",
    "alpha": 0.25,
    "updated_best": true,
    "rho": 15.665458786674167,
    "s_rot": 14.73067789426213,
    "nominal_eR": 0.28809161492129004,
    "nominal_ep": 0.00881275326456186,
    "mode_eR": 0.29529141270734083,
    "mode_ep": 0.013319392117188402,
    "nominal_R": [
      [
        0.9927641851307797,
        -0.11931569292825932,
        -0.013529158978585459
      ],
      [
        0.10837529473577541,
        0.9388073799636064,
        -0.326948770936369
      ],
      [
        0.051711393450112456,
        0.32311680356632305,
        0.9449452169520356
      ]
    ],
    "nominal_p": [
      0.012302380529451797,
      -0.0024436923650665056,
      0.01635449808388327
    ],
    "mode_R": [
      [
        0.9960217470273716,
        0.024765843115246496,
        -0.0855998391548372
      ],
      [
        -0.03941912795818259,
        0.9839576131927721,
        -0.17399295327972114
      ],
      [
        0.07991753124039486,
        0.17667503630896425,
        0.9810194288318996
      ]
    ],
    "mode_p": [
      0.013232127045766444,
      0.0025697541098227625,
      0.015964889938588557
    ],
    "F_fro": 158.18501194618295,
    "F_traceS": 255.87601762777604,
    "F_s1": 121.00983426628433,
    "F_s2": 92.77746292973018,
    "F_s3": 42.08872043176155,
    "F_matrix": [
      [
        92.23591746541138,
        -18.769185657235646,
        12.071418242043029
      ],
      [
        -26.422688788185873,
        101.95952687048894,
        4.8110518274193925
      ],
      [
        20.21416861537578,
        32.16448414290726,
        58.79469015132394
      ]
    ],
    "mu": [
      0.013232127045766444,
      0.002569754109822763,
      0.015964889938588557
    ],
    "Lambda": [
      [
        3911015.7202910315,
        265712.81469427096,
        -49252.92453328159
      ],
      [
        265712.81469427096,
        2507470.7006496824,
        1026013.2706736145
      ],
      [
        -49252.92453328159,
        1026013.2706736145,
        1718975.4586830623
      ]
    ],
    "Gamma": [
      [
        2.816335336781194e-05,
        -1.9176320125482266e-05,
        -3.4224105294842687e-06
      ],
      [
        -6.918625325517817e-07,
        6.157176255719553e-06,
        -2.0333492920132405e-05
      ],
      [
        1.0584965768856687e-05,
        -2.1036023407463206e-05,
        -3.2930891289805095e-05
      ]
    ]
  },
  {
    "state_id": 9,
    "outer_t": 8,
    "source": "accepted_update",
    "branch": "full",
    "alpha": 0.05,
    "updated_best": true,
    "rho": 15.4379265078838,
    "s_rot": 24.822053487553244,
    "nominal_eR": 0.2844519258000577,
    "nominal_ep": 0.009022723156272262,
    "mode_eR": 0.3717938177960186,
    "mode_ep": 0.008356755240380884,
    "nominal_R": [
      [
        0.9935034692125421,
        -0.11242236486347339,
        -0.01766546181527851
      ],
      [
        0.10092285776369962,
        0.9421197078108684,
        -0.3197264970801947
      ],
      [
        0.05258738863502412,
        0.3158665351582338,
        0.9473451844621794
      ]
    ],
    "nominal_p": [
      0.012348867855267528,
      -0.002193020041322042,
      0.016335017676618536
    ],
    "mode_R": [
      [
        0.9823980126497925,
        -0.09053040367057506,
        -0.16339642209357313
      ],
      [
        0.02106490588628289,
        0.9228243842432706,
        -0.384644544464146
      ],
      [
        0.18560822848607889,
        0.37443210580460506,
        0.9084878555385253
      ]
    ],
    "mode_p": [
      0.012604169225472984,
      -0.0023568671105722388,
      0.017617171285633337
    ],
    "F_fro": 164.60629997015025,
    "F_traceS": 268.541123415084,
    "F_s1": 123.1605613465822,
    "F_s2": 98.75708180631628,
    "F_s3": 46.6234802621855,
    "F_matrix": [
      [
        94.89955612665474,
        -21.244194144285093,
        -0.49988687914333635
      ],
      [
        -9.145613365233098,
        102.5099715423029,
        -5.211681424639125
      ],
      [
        23.98909281006073,
        57.44404589346084,
        56.0655816872814
      ]
    ],
    "mu": [
      0.012604169225472984,
      -0.0023568671105722383,
      0.017617171285633337
    ],
    "Lambda": [
      [
        5274274.416259569,
        1807889.5797688852,
        306301.50508413865
      ],
      [
        1807889.5797688852,
        5025981.074884619,
        1508275.0823296658
      ],
      [
        306301.50508413865,
        1508275.0823296658,
        1948408.1406344187
      ]
    ],
    "Gamma": [
      [
        2.994241428098486e-05,
        -1.1169699220731582e-05,
        -4.146463971905188e-06
      ],
      [
        8.167936917040761e-06,
        1.6969059209843337e-05,
        -3.502692073664191e-05
      ],
      [
        6.41311430252723e-06,
        -2.3251411167765676e-05,
        -2.8051195988085325e-05
      ]
    ]
  },
  {
    "state_id": 10,
    "outer_t": 9,
    "source": "accepted_update",
    "branch": "trans",
    "alpha": 0.25,
    "updated_best": true,
    "rho": 15.345864119739689,
    "s_rot": 26.004250451192892,
    "nominal_eR": 0.2844519258000576,
    "nominal_ep": 0.008842539238182635,
    "mode_eR": 0.3941877400375731,
    "mode_ep": 0.007310750869091712,
    "nominal_R": [
      [
        0.9935034692125421,
        -0.1124223648634734,
        -0.017665461815278498
      ],
      [
        0.10092285776369964,
        0.9421197078108684,
        -0.3197264970801947
      ],
      [
        0.052587388635024115,
        0.3158665351582338,
        0.9473451844621794
      ]
    ],
    "nominal_p": [
      0.012412693197818892,
      -0.002233981808634591,
      0.016655556078872237
    ],
    "mode_R": [
      [
        0.9756958129501629,
        -0.14547956002985687,
        -0.1638700039819399
      ],
      [
        0.06174111875151394,
        0.9000370465280526,
        -0.4314178358996913
      ],
      [
        0.2102515513541654,
        0.41081505874368845,
        0.8871444485891734
      ]
    ],
    "mode_p": [
      0.012530541486501684,
      -0.003585476980535891,
      0.017509468459785953
    ],
    "F_fro": 177.08240005096454,
    "F_traceS": 284.5559762474063,
    "F_s1": 137.38471084006957,
    "F_s2": 102.34260537467418,
    "F_s3": 44.82866003266256,
    "F_matrix": [
      [
        101.92968959890376,
        -27.91837315555251,
        -10.85066163291663
      ],
      [
        1.2620336735314,
        112.94356264579974,
        -6.385981059451163
      ],
      [
        18.580762100152498,
        67.57156046749134,
        48.59588499154493
      ]
    ],
    "mu": [
      0.012530541486501684,
      -0.003585476980535891,
      0.017509468459785953
    ],
    "Lambda": [
      [
        7598309.802365743,
        5683170.319317348,
        1207999.8266360387
      ],
      [
        5683170.319317348,
        12915067.20396027,
        3576864.4165417417
      ],
      [
        1207999.8266360387,
        3576864.4165417417,
        2602648.482799657
      ]
    ],
    "Gamma": [
      [
        2.908044620830114e-05,
        -7.968510931163796e-06,
        -2.8604856113338724e-06
      ],
      [
        9.316323511960229e-06,
        2.625957259899403e-05,
        -3.839894524621459e-05
      ],
      [
        5.539066021997117e-06,
        -2.2339049904382907e-05,
        -2.9223536471709596e-05
      ]
    ]
  },
  {
    "state_id": 11,
    "outer_t": 10,
    "source": "accepted_update",
    "branch": "rot",
    "alpha": 0.02,
    "updated_best": true,
    "rho": 15.341813419689327,
    "s_rot": 25.681739693849742,
    "nominal_eR": 0.2857604384137858,
    "nominal_ep": 0.008842539238182635,
    "mode_eR": 0.3776349383735443,
    "mode_ep": 0.007947866169689255,
    "nominal_R": [
      [
        0.993388137189941,
        -0.11293294823414726,
        -0.020643596911442172
      ],
      [
        0.10032862629564487,
        0.9413881543831459,
        -0.32205979185971473
      ],
      [
        0.05580479939868554,
        0.31785923297937624,
        0.9464942326151992
      ]
    ],
    "nominal_p": [
      0.012412693197818892,
      -0.002233981808634591,
      0.016655556078872237
    ],
    "mode_R": [
      [
        0.9750921425134139,
        -0.12401005955353853,
        -0.18389349835741214
      ],
      [
        0.041030701620343356,
        0.9156383893049218,
        -0.3999035153079188
      ],
      [
        0.2179720053886326,
        0.3823974962792206,
        0.8979200185463297
      ]
    ],
    "mode_p": [
      0.012456239667731807,
      -0.002951253163780097,
      0.017351787761120785
    ],
    "F_fro": 173.75435420665278,
    "F_traceS": 279.9435656847987,
    "F_s1": 133.24207374374527,
    "F_s2": 102.30296109624572,
    "F_s3": 44.39853084480776,
    "F_matrix": [
      [
        101.56072917337835,
        -25.726913974573925,
        -9.068585189342961
      ],
      [
        -2.8312554663422373,
        111.1475366174996,
        -4.248462281168392
      ],
      [
        21.461870932559414,
        62.14402475611591,
        49.29045042731856
      ]
    ],
    "mu": [
      0.012456239667731807,
      -0.0029512531637800976,
      0.017351787761120785
    ],
    "Lambda": [
      [
        6550676.121361282,
        3332149.5673609134,
        663827.2570043148
      ],
      [
        3332149.5673609134,
        7744662.071593465,
        2336196.577908121
      ],
      [
        663827.2570043148,
        2336196.577908121,
        2290142.1535901465
      ]
    ],
    "Gamma": [
      [
        2.8710702866723825e-05,
        -8.053361974418185e-06,
        -3.2187816644759546e-06
      ],
      [
        8.484375696909676e-06,
        2.117180156919722e-05,
        -3.476337741016254e-05
      ],
      [
        6.16456315493224e-06,
        -2.145573132191719e-05,
        -2.9930172952310388e-05
      ]
    ]
  },
  {
    "state_id": 12,
    "outer_t": 11,
    "source": "accepted_update",
    "branch": "rot",
    "alpha": 0.02,
    "updated_best": true,
    "rho": 15.340848746208012,
    "s_rot": 25.712922024202207,
    "nominal_eR": 0.28669279191885133,
    "nominal_ep": 0.008842539238182635,
    "mode_eR": 0.373505721097151,
    "mode_ep": 0.00843767122401976,
    "nominal_R": [
      [
        0.9933017954435522,
        -0.11304201219358567,
        -0.02393839275808944
      ],
      [
        0.09927955785836023,
        0.9409259845460616,
        -0.3237311554322087
      ],
      [
        0.05911947699416691,
        0.3191861448829658,
        0.9458462308190937
      ]
    ],
    "nominal_p": [
      0.012412693197818892,
      -0.002233981808634591,
      0.016655556078872237
    ],
    "mode_R": [
      [
        0.9800335287544911,
        -0.09737898653531603,
        -0.17335401783164486
      ],
      [
        0.023230894057709155,
        0.9219679546172208,
        -0.38656877295019293
      ],
      [
        0.19747052458100917,
        0.3748231898379461,
        0.905821708881725
      ]
    ],
    "mode_p": [
      0.012441462565333721,
      -0.002460312649042458,
      0.017206919884809383
    ],
    "F_fro": 171.28764536144166,
    "F_traceS": 277.0176169864088,
    "F_s1": 130.83264182759692,
    "F_s2": 100.81660888908425,
    "F_s3": 45.36836626972765,
    "F_matrix": [
      [
        100.42698723758737,
        -23.908737656620957,
        -4.833788609578201
      ],
      [
        -8.214499468934733,
        110.08447704664444,
        -5.35845779051175
      ],
      [
        21.39845698239077,
        58.44749805918683,
        50.69612697767323
      ]
    ],
    "mu": [
      0.012441462565333721,
      -0.002460312649042458,
      0.017206919884809383
    ],
    "Lambda": [
      [
        6145993.104203991,
        2495561.5696726423,
        487807.38104606676
      ],
      [
        2495561.5696726423,
        6043760.5762395235,
        1931034.4213536575
      ],
      [
        487807.38104606676,
        1931034.4213536575,
        2184860.6689629382
      ]
    ],
    "Gamma": [
      [
        2.883159300632534e-05,
        -8.887809762029741e-06,
        -3.1949508193694024e-06
      ],
      [
        7.772109964254671e-06,
        1.7956068608824567e-05,
        -3.274006572426501e-05
      ],
      [
        6.728357209068294e-06,
        -2.1535512212303015e-05,
        -3.12189931414733e-05
      ]
    ]
  },
  {
    "state_id": 13,
    "outer_t": 12,
    "source": "accepted_update",
    "branch": "trans",
    "alpha": 0.25,
    "updated_best": true,
    "rho": 15.328034782188196,
    "s_rot": 26.16935896950759,
    "nominal_eR": 0.2866927919188513,
    "nominal_ep": 0.008739261334515153,
    "mode_eR": 0.3579536837069858,
    "mode_ep": 0.009182282361378614,
    "nominal_R": [
      [
        0.9933017954435522,
        -0.11304201219358569,
        -0.02393839275808943
      ],
      [
        0.09927955785836025,
        0.9409259845460616,
        -0.3237311554322087
      ],
      [
        0.0591194769941669,
        0.3191861448829658,
        0.9458462308190937
      ]
    ],
    "nominal_p": [
      0.0124198855396976,
      -0.0022905645187365578,
      0.016793397030356524
    ],
    "mode_R": [
      [
        0.9805284542846607,
        -0.08772259621001575,
        -0.17569489591991144
      ],
      [
        0.018127133273776193,
        0.9312929812722437,
        -0.3638197219397701
      ],
      [
        0.1955386339765337,
        0.3535507447980155,
        0.9147494266056472
      ]
    ],
    "mode_p": [
      0.012373771146927283,
      -0.0017809779623119272,
      0.0168591548717947
    ],
    "F_fro": 172.05433942756005,
    "F_traceS": 277.4301224747395,
    "F_s1": 130.947175759884,
    "F_s2": 102.62604445545902,
    "F_s3": 43.856902259396456,
    "F_matrix": [
      [
        102.78258341588074,
        -23.025061936203148,
        -5.874977385741792
      ],
      [
        -8.274391864877407,
        110.01227311761741,
        -1.8290032201278543
      ],
      [
        20.910970550644286,
        57.5506338919697,
        50.49665558239594
      ]
    ],
    "mu": [
      0.012373771146927283,
      -0.0017809779623119272,
      0.0168591548717947
    ],
    "Lambda": [
      [
        6063494.107190137,
        2037511.360719316,
        380173.09398484504
      ],
      [
        2037511.360719316,
        5097727.325573221,
        1752265.443458416
      ],
      [
        380173.09398484504,
        1752265.443458416,
        2183936.8648791993
      ]
    ],
    "Gamma": [
      [
        2.8495272142868568e-05,
        -8.473236021986455e-06,
        -3.2495757117908097e-06
      ],
      [
        7.172557250061616e-06,
        1.5327768148355644e-05,
        -2.9026053524902073e-05
      ],
      [
        7.829028560814457e-06,
        -1.8934364471192778e-05,
        -3.253027016538695e-05
      ]
    ]
  },
  {
    "state_id": 14,
    "outer_t": 13,
    "source": "accepted_update",
    "branch": "full",
    "alpha": 0.25,
    "updated_best": true,
    "rho": 15.264538922465226,
    "s_rot": 28.708795559186786,
    "nominal_eR": 0.29789532008978614,
    "nominal_ep": 0.00884927650384305,
    "mode_eR": 0.36514102198044734,
    "mode_ep": 0.009232647392245894,
    "nominal_R": [
      [
        0.9924111859068543,
        -0.10621450082481146,
        -0.06195577375424375
      ],
      [
        0.07957158163138406,
        0.9388635836467255,
        -0.33496796070476315
      ],
      [
        0.0937464745130765,
        0.32749603221499335,
        0.9401903782744243
      ]
    ],
    "nominal_p": [
      0.01240835694150502,
      -0.0021631678796304003,
      0.016809836490716067
    ],
    "mode_R": [
      [
        0.9828117419529159,
        -0.025650287005971942,
        -0.18281997335079755
      ],
      [
        -0.0353705816225811,
        0.9457908473806708,
        -0.3228445368387585
      ],
      [
        0.18119051254178692,
        0.3237618504201252,
        0.928627084667134
      ]
    ],
    "mode_p": [
      0.012396561936144773,
      -0.0016812170799408916,
      0.016956689492321316
    ],
    "F_fro": 176.58330240334905,
    "F_traceS": 281.72519307460243,
    "F_s1": 133.95869233376268,
    "F_s2": 107.93660604430775,
    "F_s3": 39.82989469653197,
    "F_matrix": [
      [
        109.92023036761272,
        -17.86453966479278,
        -5.0320560552615
      ],
      [
        -15.86040189362881,
        111.93837067691256,
        3.831355078335016
      ],
      [
        20.15289594792682,
        56.41263971517918,
        48.68045484110801
      ]
    ],
    "mu": [
      0.012396561936144773,
      -0.0016812170799408914,
      0.016956689492321316
    ],
    "Lambda": [
      [
        6420924.861160794,
        1842926.7715745424,
        686367.1235409586
      ],
      [
        1842926.7715745424,
        4560133.016707072,
        1655298.479103188
      ],
      [
        686367.1235409586,
        1655298.479103188,
        2215486.9646424074
      ]
    ],
    "Gamma": [
      [
        2.958149575513793e-05,
        -1.0437334274137066e-05,
        -4.052776818354305e-06
      ],
      [
        6.727243688012951e-06,
        1.2004256469140839e-05,
        -2.749195446935556e-05
      ],
      [
        9.585357475352924e-06,
        -2.1728910284870508e-05,
        -3.289257787414629e-05
      ]
    ]
  },
  {
    "state_id": 15,
    "outer_t": 14,
    "source": "accepted_update",
    "branch": "full",
    "alpha": 0.1,
    "updated_best": true,
    "rho": 15.233642755520822,
    "s_rot": 29.411833158241365,
    "nominal_eR": 0.302162844115444,
    "nominal_ep": 0.008887071769110256,
    "mode_eR": 0.38929174524602067,
    "mode_ep": 0.00814664350636615,
    "nominal_R": [
      [
        0.992399527106062,
        -0.09821931889966809,
        -0.07413598312931197
      ],
      [
        0.06805071147720025,
        0.9399751878268503,
        -0.334388616638372
      ],
      [
        0.10252940684072634,
        0.3268020986235594,
        0.9395148264227265
      ]
    ],
    "nominal_p": [
      0.012407177440968996,
      -0.0021149727996614496,
      0.016824521790876592
    ],
    "mode_R": [
      [
        0.9792405140217082,
        -0.0630398684044158,
        -0.19264991744108098
      ],
      [
        -0.014078266777929355,
        0.9269641250084454,
        -0.37488573372677014
      ],
      [
        0.20221230947454896,
        0.36981547552648875,
        0.9068333341679098
      ]
    ],
    "mode_p": [
      0.012244991451037348,
      -0.002796873812430313,
      0.017374604517237786
    ],
    "F_fro": 180.46460430371926,
    "F_traceS": 286.2613321127138,
    "F_s1": 137.81010890662978,
    "F_s2": 109.98148142849546,
    "F_s3": 38.46974177758853,
    "F_matrix": [
      [
        110.76109527904686,
        -20.133817194577524,
        -10.35483785668773
      ],
      [
        -8.744092304428692,
        113.10656370417263,
        3.363495678885709
      ],
      [
        19.16118519995655,
        65.80446059521097,
        46.99590256980812
      ]
    ],
    "mu": [
      0.012244991451037348,
      -0.0027968738124303128,
      0.017374604517237786
    ],
    "Lambda": [
      [
        7926068.517641852,
        3623254.9287220933,
        1284038.8358011483
      ],
      [
        3623254.9287220933,
        7106761.584095676,
        2299349.2269563363
      ],
      [
        1284038.8358011483,
        2299349.2269563363,
        2428166.1531270267
      ]
    ],
    "Gamma": [
      [
        3.0397551416923624e-05,
        -8.884275042569662e-06,
        -5.194840681916563e-06
      ],
      [
        8.266114742072962e-06,
        1.7273460271847063e-05,
        -3.176998794987519e-05
      ],
      [
        9.821049058037231e-06,
        -2.16504106746212e-05,
        -3.126060369851666e-05
      ]
    ]
  }
]