[
  {
    "state_id": 0,
    "outer_t": -1,
    "source": "initial_refresh",
    "branch": null,
    "alpha": null,
    "updated_best": true,
    "rho": 22.043621593792068,
    "s_rot": 41.57738698811995,
    "nominal_eR": 0.06577938303515435,
    "nominal_ep": 0.003648629879831605,
    "mode_eR": 0.06900503404831011,
    "mode_ep": 0.010694891835623747,
    "nominal_R": [
      [
        0.9790365033107107,
        -0.19819294281840238,
        -0.046979597721969114
      ],
      [
        0.19252231914816767,
        0.975738262538297,
        -0.1042592904663964
      ],
      [
        0.06650324664967595,
        0.09302903006979495,
        0.9934399416921615
      ]
    ],
    "nominal_p": [
      0.012499999999999999,
      -0.00825,
      0.018000000000000002
    ],
    "mode_R": [
      [
        0.9780776637174919,
        -0.20483696346608163,
        -0.03749536151218834
      ],
      [
        0.20200103683079168,
        0.977011306240072,
        -0.06815048494584504
      ],
      [
        0.05059313052401368,
        0.059082365195238296,
        0.9969702148342833
      ]
    ],
    "mode_p": [
      0.013281793205104139,
      0.0004941695357349818,
      0.018859437620769026
    ],
    "F_fro": 243.1529712136205,
    "F_traceS": 337.83183269184264,
    "F_s1": 176.08916297829506,
    "F_s2": 167.57666482149492,
    "F_s3": -5.833995107947383,
    "F_matrix": [
      [
        48.837380260729745,
        -74.65312438854276,
        58.10945286911591
      ],
      [
        -36.51814568039981,
        148.64116334606388,
        23.126736927654047
      ],
      [
        67.94177224118121,
        26.143926585758976,
        136.11125790044056
      ]
    ],
    "mu": [
      0.013281793205104139,
      0.0004941695357349818,
      0.018859437620769026
    ],
    "Lambda": [
      [
        4510722.157261651,
        -702945.018352441,
        416355.15920865745
      ],
      [
        -702945.018352441,
        4874620.343393088,
        266486.045983967
      ],
      [
        416355.15920865745,
        266486.045983967,
        2999244.791698505
      ]
    ],
    "Gamma": [
      [
        -2.1105611182163522e-05,
        4.565712055714644e-06,
        -1.0491717133440608e-05
      ],
      [
        1.2760001995225218e-06,
        2.6212903653827436e-06,
        -9.355845294141475e-06
      ],
      [
        -5.45458032638364e-06,
        6.013518144350454e-06,
        2.2012631392700146e-05
      ]
    ]
  }
]