[
  {
    "state_id": 0,
    "outer_t": -1,
    "source": "initial_refresh",
    "branch": null,
    "alpha": null,
    "updated_best": true,
    "rho": 22.236805635836664,
    "s_rot": 7.403768494358642,
    "nominal_eR": 0.1315587660703087,
    "nominal_ep": 0.007297259759663213,
    "mode_eR": 0.3813435728975458,
    "mode_ep": 0.01601098408054382,
    "nominal_R": [
      [
        0.989139250940619,
        -0.14662510528919823,
        -0.01022842840139166
      ],
      [
        0.1444307885478865,
        0.9825259392788829,
        -0.11739900324783228
      ],
      [
        0.02726333743448449,
        0.1146466621541175,
        0.9930321511858782
      ]
    ],
    "nominal_p": [
      0.009999999999999998,
      -0.006500000000000001,
      0.016
    ],
    "mode_R": [
      [
        0.9966660064316951,
        -0.0021445467692075893,
        0.0815614648142766
      ],
      [
        0.0284422310488569,
        0.9460796816674197,
        -0.32268293327822034
      ],
      [
        -0.07647163602577911,
        0.32392690048100004,
        0.9429864537883419
      ]
    ],
    "mode_p": [
      0.0108170086872545,
      0.003708778772144004,
      0.0128639240838303
    ],
    "F_fro": 212.88866901240473,
    "F_traceS": 287.51510303382514,
    "F_s1": 154.62049175093108,
    "F_s2": 145.76817323175297,
    "F_s3": -12.873561948858919,
    "F_matrix": [
      [
        30.673834151531583,
        -10.465375394800317,
        76.13635659508327
      ],
      [
        -30.876664245131984,
        143.63336449272379,
        -30.833182214097917
      ],
      [
        58.31613607235245,
        52.8584269243268,
        98.71702221710414
      ]
    ],
    "mu": [
      0.0108170086872545,
      0.0037087787721440044,
      0.0128639240838303
    ],
    "Lambda": [
      [
        9387741.033850791,
        -433720.9466347014,
        -1901116.5569491342
      ],
      [
        -433720.9466347014,
        3358132.5348414415,
        425198.2522569336
      ],
      [
        -1901116.5569491342,
        425198.2522569336,
        1407053.6928104288
      ]
    ],
    "Gamma": [
      [
        2.940322764944141e-05,
        1.551950171316133e-05,
        2.3385064056512736e-05
      ],
      [
        4.1764826783309745e-06,
        -6.033425879155453e-06,
        -2.2177208112860723e-05
      ],
      [
        3.1684191608675795e-05,
        5.513618062843606e-06,
        3.31230122433712e-05
      ]
    ]
  },
  {
    "state_id": 1,
    "outer_t": 0,
    "source": "accepted_update",
    "branch": "full",
    "alpha": 0.25,
    "updated_best": true,
    "rho": 18.636864123554467,
    "s_rot": 12.914807837131635,
    "nominal_eR": 0.18927300629472926,
    "nominal_ep": 0.009083782000125586,
    "mode_eR": 0.5309001979553335,
    "mode_ep": 0.010319440422939426,
    "nominal_R": [
      [
        0.9935223532354838,
        -0.11256442633828077,
        0.015575093725567653
      ],
      [
        0.11357593518181824,
        0.9791315150360457,
        -0.16852887945629066
      ],
      [
        0.003720291521087169,
        0.16920616474097885,
        0.9855736569352118
      ]
    ],
    "nominal_p": [
      0.010204252171813623,
      -0.003947805306964,
      0.015215981020957576
    ],
    "mode_R": [
      [
        0.980704897532548,
        0.11561324528345705,
        0.15764352657404387
      ],
      [
        -0.04584216230137358,
        0.9199031633731051,
        -0.38945688615261137
      ],
      [
        -0.19004315328684834,
        0.3747155554966741,
        0.9074534987301607
      ]
    ],
    "mode_p": [
      0.011230804026079266,
      -0.00190023949225017,
      0.014834935424423799
    ],
    "F_fro": 200.7632220568749,
    "F_traceS": 289.8392400425737,
    "F_s1": 149.1799920330846,
    "F_s2": 134.19937146928905,
    "F_s3": 6.459876540200048,
    "F_matrix": [
      [
        23.636416096305474,
        -6.70349703954777,
        53.56558147166828
      ],
      [
        -37.289595275553076,
        129.92846252678802,
        -41.63164676952202
      ],
      [
        16.878012460982806,
        66.90757232874563,
        109.84707065339536
      ]
    ],
    "mu": [
      0.011230804026079266,
      -0.0019002394922501703,
      0.014834935424423799
    ],
    "Lambda": [
      [
        46691940.22962157,
        -3823541.7349035884,
        -5641046.758907359
      ],
      [
        -3823541.7349035884,
        3444130.236447541,
        1114593.6302171862
      ],
      [
        -5641046.758907359,
        1114593.6302171862,
        1581453.8296839881
      ]
    ],
    "Gamma": [
      [
        2.955085100533357e-05,
        1.5129523404439078e-06,
        1.0747069137148445e-05
      ],
      [
        -2.357358139738909e-06,
        -2.313586175736376e-05,
        -4.807853849241669e-05
      ],
      [
        2.3621298884256764e-05,
        1.2228267703024775e-05,
        -8.352593537661329e-06
      ]
    ]
  },
  {
    "state_id": 2,
    "outer_t": 1,
    "source": "accepted_update",
    "branch": "full",
    "alpha": 0.25,
    "updated_best": true,
    "rho": 17.93540536586062,
    "s_rot": 9.784457443520457,
    "nominal_eR": 0.27383823672855545,
    "nominal_ep": 0.009354043099827528,
    "mode_eR": 0.30086986251122166,
    "mode_ep": 0.013103549527274423,
    "nominal_R": [
      [
        0.9966981793098814,
        -0.0586243441277123,
        0.0561776257593991
      ],
      [
        0.06974779028271359,
        0.9723829841534374,
        -0.22272534179911813
      ],
      [
        -0.04156904029498569,
        0.2259082079173993,
        0.9732612683573219
      ]
    ],
    "nominal_p": [
      0.010460890135380034,
      -0.0034359138532855426,
      0.015120719621824132
    ],
    "mode_R": [
      [
        0.9934676684968408,
        -0.04262056730716524,
        0.10585593461807404
      ],
      [
        0.06295313703275096,
        0.9784026628783495,
        -0.19688862793541154
      ],
      [
        -0.09517822329286332,
        0.20226644930627724,
        0.9746945107549569
      ]
    ],
    "mode_p": [
      0.012216634946588369,
      0.0015672363692306767,
      0.014508649349064684
    ],
    "F_fro": 148.7201665171538,
    "F_traceS": 240.57214667170402,
    "F_s1": 111.19201229787328,
    "F_s2": 90.99990132497399,
    "F_s3": 38.380233048856745,
    "F_matrix": [
      [
        41.01517914907581,
        -12.576597246943896,
        14.962430119336554
      ],
      [
        -7.254370818140772,
        102.68332827698372,
        -10.254217832879062
      ],
      [
        -0.30153789499382944,
        30.223003968773543,
        91.8598727165603
      ]
    ],
    "mu": [
      0.012216634946588367,
      0.0015672363692306758,
      0.014508649349064682
    ],
    "Lambda": [
      [
        7292005.515020088,
        -283686.03434222995,
        -13775.166908866893
      ],
      [
        -283686.03434222995,
        2334679.935120679,
        725256.2807458579
      ],
      [
        -13775.166908866893,
        725256.2807458579,
        986503.6389643943
      ]
    ],
    "Gamma": [
      [
        3.161778537248482e-05,
        -1.4953623570299028e-05,
        1.4145536645255586e-06
      ],
      [
        -1.4095097512059553e-06,
        -1.2197563195855256e-05,
        -2.0356069930166133e-05
      ],
      [
        1.5273718871709875e-05,
        1.0052752494982986e-05,
        -3.962614680567314e-05
      ]
    ]
  },
  {
    "state_id": 3,
    "outer_t": 2,
    "source": "accepted_update",
    "branch": "trans",
    "alpha": 0.1,
    "updated_best": true,
    "rho": 17.639999167510133,
    "s_rot": 11.446269036526703,
    "nominal_eR": 0.27383823672855534,
    "nominal_ep": 0.009662019495041719,
    "mode_eR": 0.43402574223189416,
    "mode_ep": 0.006644163040743974,
    "nominal_R": [
      [
        0.9966981793098814,
        -0.0586243441277123,
        0.0561776257593991
      ],
      [
        0.06974779028271359,
        0.9723829841534374,
        -0.2227253417991181
      ],
      [
        -0.04156904029498569,
        0.22590820791739927,
        0.9732612683573219
      ]
    ],
    "nominal_p": [
      0.010636464616500868,
      -0.0029355988310339207,
      0.015059512594548187
    ],
    "mode_R": [
      [
        0.9982885459926277,
        -0.0019841668967667406,
        0.05844691627154363
      ],
      [
        0.02544732236971874,
        0.9145822544117436,
        -0.40359848079414967
      ],
      [
        -0.052653705701865866,
        0.4043950580767023,
        0.9130674806820154
      ]
    ],
    "mode_p": [
      0.012500474564029548,
      -0.00453143525447223,
      0.017172974225286276
    ],
    "F_fro": 212.14572367091827,
    "F_traceS": 298.44210687049156,
    "F_s1": 164.7111331582611,
    "F_s2": 133.70134557195928,
    "F_s3": 0.029628140271124464,
    "F_matrix": [
      [
        4.861348442467966,
        -6.41466343846067,
        28.404339005862838
      ],
      [
        -14.41315286566531,
        142.19033993596588,
        -43.395999266100375
      ],
      [
        15.899555107949135,
        75.52434125254982,
        125.97005401518872
      ]
    ],
    "mu": [
      0.012500474564029546,
      -0.004531435254472231,
      0.017172974225286276
    ],
    "Lambda": [
      [
        7556208.542014271,
        -3788874.234255412,
        -427955.82355126436
      ],
      [
        -3788874.234255412,
        11799037.334065534,
        1293442.9919482593
      ],
      [
        -427955.82355126436,
        1293442.9919482593,
        1296328.9883088549
      ]
    ],
    "Gamma": [
      [
        3.426684114431371e-05,
        -1.559812471794984e-05,
        8.475487953016352e-06
      ],
      [
        2.567687997957191e-06,
        -2.4566444669214795e-05,
        -7.304726542790357e-05
      ],
      [
        9.751419521444732e-06,
        9.489306406097233e-06,
        -2.0594797509026093e-05
      ]
    ]
  },
  {
    "state_id": 4,
    "outer_t": 3,
    "source": "accepted_update",
    "branch": "trans",
    "alpha": 0.25,
    "updated_best": true,
    "rho": 17.462216601482176,
    "s_rot": 12.22780486407213,
    "nominal_eR": 0.27383823672855534,
    "nominal_ep": 0.008893014174059485,
    "mode_eR": 0.27224008517649145,
    "mode_ep": 0.011877356826713733,
    "nominal_R": [
      [
        0.9966981793098814,
        -0.0586243441277123,
        0.0561776257593991
      ],
      [
        0.06974779028271359,
        0.9723829841534374,
        -0.2227253417991181
      ],
      [
        -0.04156904029498569,
        0.22590820791739927,
        0.9732612683573219
      ]
    ],
    "nominal_p": [
      0.011102467103383038,
      -0.003334557936893498,
      0.01558787800223271
    ],
    "mode_R": [
      [
        0.9984335268296429,
        -0.039928751647543025,
        0.039194225268436925
      ],
      [
        0.04715827899018186,
        0.9775282382060375,
        -0.20546201652004906
      ],
      [
        -0.030109620143873417,
        0.20698849799365543,
        0.9778799376575444
      ]
    ],
    "mode_p": [
      0.012348250583918998,
      0.0009863543738213422,
      0.016347624362662842
    ],
    "F_fro": 154.27888261734154,
    "F_traceS": 249.61676625760327,
    "F_s1": 117.90496497659751,
    "F_s2": 90.61871103410708,
    "F_s3": 41.09309024689868,
    "F_matrix": [
      [
        42.72400194367676,
        -11.748860838726959,
        7.2267024461834595
      ],
      [
        -6.189576399661114,
        109.50477341824073,
        -10.271824271688637
      ],
      [
        1.01630869397247,
        32.5357029955723,
        92.69115835011034
      ]
    ],
    "mu": [
      0.012348250583918998,
      0.000986354373821342,
      0.016347624362662842
    ],
    "Lambda": [
      [
        4592410.370604566,
        124279.71083683294,
        -403818.7963885126
      ],
      [
        124279.71083683294,
        2472170.901365406,
        770292.0140725089
      ],
      [
        -403818.7963885126,
        770292.0140725089,
        1320708.1814730458
      ]
    ],
    "Gamma": [
      [
        3.3310722436979615e-05,
        -2.373319353836511e-05,
        7.456491984928699e-06
      ],
      [
        -2.00560781044975e-06,
        -1.0327719358695803e-05,
        -1.4117112832805525e-05
      ],
      [
        1.5044807847535922e-05,
        8.93366229548692e-06,
        -4.917093937678252e-05
      ]
    ]
  },
  {
    "state_id": 5,
    "outer_t": 4,
    "source": "accepted_update",
    "branch": "trans",
    "alpha": 0.1,
    "updated_best": true,
    "rho": 17.17741044092442,
    "s_rot": 15.494549014072295,
    "nominal_eR": 0.27383823672855534,
    "nominal_ep": 0.009133035575868432,
    "mode_eR": 0.3904149196524182,
    "mode_ep": 0.00710744412763922,
    "nominal_R": [
      [
        0.9966981793098814,
        -0.0586243441277123,
        0.0561776257593991
      ],
      [
        0.06974779028271359,
        0.9723829841534374,
        -0.2227253417991181
      ],
      [
        -0.04156904029498569,
        0.22590820791739927,
        0.9732612683573219
      ]
    ],
    "nominal_p": [
      0.011227045451436634,
      -0.002902466705822014,
      0.015663852638275723
    ],
    "mode_R": [
      [
        0.998900580578122,
        -0.0443131551870826,
        -0.015296221692188174
      ],
      [
        0.034643880240585664,
        0.9176154162743657,
        -0.39595675190290464
      ],
      [
        0.03158214182994889,
        0.39499150888720136,
        0.9181417517052826
      ]
    ],
    "mode_p": [
      0.012739708599014792,
      -0.0033794574946789326,
      0.01874490568267457
    ],
    "F_fro": 201.0452555079913,
    "F_traceS": 300.6861778978964,
    "F_s1": 163.0900131584453,
    "F_s2": 115.45904086153406,
    "F_s3": 22.137123877917077,
    "F_matrix": [
      [
        22.583646490070556,
        1.1220248749360346,
        -6.626791215895199
      ],
      [
        10.045945447668133,
        137.91876843236275,
        -33.51221310759873
      ],
      [
        0.2650731040189578,
        76.73421343938364,
        117.17599780982574
      ]
    ],
    "mu": [
      0.012739708599014792,
      -0.003379457494678932,
      0.01874490568267457
    ],
    "Lambda": [
      [
        6684658.524420686,
        12601.698570755489,
        -678251.7684458948
      ],
      [
        12601.698570755489,
        3887485.473538344,
        287146.3165241062
      ],
      [
        -678251.7684458948,
        287146.3165241062,
        1665248.7189284135
      ]
    ],
    "Gamma": [
      [
        3.4791683198559804e-05,
        -1.9896770985472328e-05,
        1.61102994036165e-05
      ],
      [
        4.739277099014329e-06,
        -1.1964065065234041e-05,
        -4.758710274485747e-05
      ],
      [
        1.0379262036762279e-05,
        1.2170294617299056e-05,
        -2.4913195799976052e-05
      ]
    ]
  },
  {
    "state_id": 6,
    "outer_t": 5,
    "source": "accepted_update",
    "branch": "trans",
    "alpha": 0.25,
    "updated_best": true,
    "rho": 16.894982265008224,
    "s_rot": 17.834895772637505,
    "nominal_eR": 0.27383823672855534,
    "nominal_ep": 0.008540292151222454,
    "mode_eR": 0.3575416559209815,
    "mode_ep": 0.00864575091111336,
    "nominal_R": [
      [
        0.9966981793098814,
        -0.0586243441277123,
        0.0561776257593991
      ],
      [
        0.06974779028271359,
        0.9723829841534374,
        -0.2227253417991181
      ],
      [
        -0.04156904029498569,
        0.22590820791739927,
        0.9732612683573219
      ]
    ],
    "nominal_p": [
      0.011605211238331173,
      -0.0030217144030362437,
      0.016434115899375434
    ],
    "mode_R": [
      [
        0.9954055226115445,
        -0.08402199289884334,
        -0.045914597501730624
      ],
      [
        0.059923012009149054,
        0.9206757496843758,
        -0.3857011752313755
      ],
      [
        0.0746798378827283,
        0.3811777389255824,
        0.9214805766598608
      ]
    ],
    "mode_p": [
      0.012155218554535384,
      -0.0020868548337509363,
      0.0179904326529258
    ],
    "F_fro": 196.50124516149637,
    "F_traceS": 298.7955172394318,
    "F_s1": 158.77919940854983,
    "F_s2": 112.432329830965,
    "F_s3": 27.58398799991695,
    "F_matrix": [
      [
        36.04169159982322,
        -0.20913876080652738,
        -28.686141289142718
      ],
      [
        23.163416636685465,
        134.63182118561372,
        -28.019350972355863
      ],
      [
        -12.713106504328094,
        74.88475909777748,
        106.17952711556705
      ]
    ],
    "mu": [
      0.012155218554535385,
      -0.0020868548337509367,
      0.0179904326529258
    ],
    "Lambda": [
      [
        8633225.892084286,
        1482594.4333513705,
        -1392509.793665625
      ],
      [
        1482594.4333513705,
        3325186.035051505,
        688014.8305894762
      ],
      [
        -1392509.793665625,
        688014.8305894762,
        1995796.1352974772
      ]
    ],
    "Gamma": [
      [
        3.1726480162168395e-05,
        -2.62685978475263e-05,
        9.553396593654039e-06
      ],
      [
        3.095626877518706e-06,
        -2.338036426147549e-06,
        -2.495803268462093e-05
      ],
      [
        1.3643283096111806e-05,
        1.0945621322492985e-05,
        -4.9248581831115344e-05
      ]
    ]
  },
  {
    "state_id": 7,
    "outer_t": 6,
    "source": "accepted_update",
    "branch": "full",
    "alpha": 0.25,
    "updated_best": true,
    "rho": 16.66013105569065,
    "s_rot": 18.896171403860436,
    "nominal_eR": 0.2839979950042204,
    "nominal_ep": 0.008527306648014,
    "mode_eR": 0.35390914942889307,
    "mode_ep": 0.009128777936648031,
    "nominal_R": [
      [
        0.9975286321472507,
        -0.06340014538549756,
        0.03028282700694492
      ],
      [
        0.06916313654814324,
        0.9619526419007471,
        -0.2643171868853697
      ],
      [
        -0.012372897367135805,
        0.26575841718611715,
        0.963960255978156
      ]
    ],
    "nominal_p": [
      0.011742713067382227,
      -0.0027879995107149167,
      0.016823195087763025
    ],
    "mode_R": [
      [
        0.9958962066257049,
        -0.01500397494950383,
        -0.08925035778217655
      ],
      [
        -0.015294603193331919,
        0.9440757387543567,
        -0.32937376126305945
      ],
      [
        0.08920101312031409,
        0.3293871282110624,
        0.939971967149648
      ]
    ],
    "mode_p": [
      0.012148833072028022,
      -0.00167532130380061,
      0.01756994683792417
    ],
    "F_fro": 188.1662421916057,
    "F_traceS": 292.00974004977536,
    "F_s1": 152.4308315873672,
    "F_s2": 104.64802877402681,
    "F_s3": 34.9308796883813,
    "F_matrix": [
      [
        47.698459606593524,
        0.23057306999947882,
        -33.999587127322194
      ],
      [
        11.220688772436263,
        133.9535217101489,
        -17.052203039366493
      ],
      [
        -18.18592652786851,
        63.972844609713,
        95.87432569874325
      ]
    ],
    "mu": [
      0.012148833072028022,
      -0.00167532130380061,
      0.01756994683792417
    ],
    "Lambda": [
      [
        12969128.294832677,
        2249065.6925812415,
        -2129368.046209297
      ],
      [
        2249065.6925812415,
        3262885.1551797157,
        701872.999490879
      ],
      [
        -2129368.046209297,
        701872.999490879,
        2200205.1293254895
      ]
    ],
    "Gamma": [
      [
        3.064126284675055e-05,
        -3.123228994054479e-05,
        1.1010996566289987e-05
      ],
      [
        -2.0776537894551997e-06,
        -5.292190762651083e-06,
        -1.198112236470915e-05
      ],
      [
        1.884105774053861e-05,
        1.1044911399842956e-05,
        -6.261660346670898e-05
      ]
    ]
  },
  {
    "state_id": 8,
    "outer_t": 7,
    "source": "accepted_update",
    "branch": "full",
    "alpha": 0.25,
    "updated_best": true,
    "rho": 16.53198121725301,
    "s_rot": 22.987763222891903,
    "nominal_eR": 0.2962540596646548,
    "nominal_ep": 0.008660383858473161,
    "mode_eR": 0.36915746108044584,
    "mode_ep": 0.0062943574015102725,
    "nominal_R": [
      [
        0.998719950283455,
        -0.05057646062873103,
        0.000694648172476809
      ],
      [
        0.0487244336170482,
        0.958280150104097,
        -0.2816470903190144
      ],
      [
        0.013579045419725684,
        0.28132041437965283,
        0.9595178132680755
      ]
    ],
    "nominal_p": [
      0.011844243068543675,
      -0.00250982995898634,
      0.01700988302530331
    ],
    "mode_R": [
      [
        0.9920547017064747,
        -0.06910500238150973,
        -0.1051283380822242
      ],
      [
        0.023506959375647903,
        0.9227328052717398,
        -0.3847227481398244
      ],
      [
        0.12359163273859047,
        0.37919476357302,
        0.91702586637227
      ]
    ],
    "mode_p": [
      0.01250592794615607,
      -0.004519624425684869,
      0.018165872618209965
    ],
    "F_fro": 288.158956329355,
    "F_traceS": 370.28023144433894,
    "F_s1": 226.28412806905015,
    "F_s2": 175.59254624024945,
    "F_s3": -31.596442864960608,
    "F_matrix": [
      [
        51.74330238391215,
        12.575902773205792,
        -108.30682255573772
      ],
      [
        66.59151950528914,
        183.89505197936464,
        -10.789309280959738
      ],
      [
        -69.41466039633892,
        119.34453418087341,
        105.07117066295366
      ]
    ],
    "mu": [
      0.01250592794615607,
      -0.00451962442568487,
      0.018165872618209962
    ],
    "Lambda": [
      [
        20119672.209522013,
        8171448.109135593,
        -1269652.4627806456
      ],
      [
        8171448.109135593,
        9967472.885010049,
        1787393.7517557153
      ],
      [
        -1269652.4627806456,
        1787393.7517557153,
        2535431.097278894
      ]
    ],
    "Gamma": [
      [
        3.0025701339576155e-05,
        -3.07680304960858e-05,
        1.3406257979396146e-05
      ],
      [
        7.0336864769476195e-06,
        2.134335527456464e-05,
        -4.055755685624758e-05
      ],
      [
        1.8974897803278744e-05,
        1.1666622108856102e-05,
        -6.27961446572059e-05
      ]
    ]
  },
  {
    "state_id": 9,
    "outer_t": 8,
    "source": "accepted_update",
    "branch": "rot",
    "alpha": 0.1,
    "updated_best": true,
    "rho": 16.51635239886025,
    "s_rot": 20.94823975929396,
    "nominal_eR": 0.3008088280613232,
    "nominal_ep": 0.008660383858473161,
    "mode_eR": 0.3723897352374945,
    "mode_ep": 0.008020477759080376,
    "nominal_R": [
      [
        0.9986007103713983,
        -0.051930187802403514,
        -0.009993840130081083
      ],
      [
        0.046748734537596856,
        0.9552030777479927,
        -0.2922355831857156
      ],
      [
        0.024721995568153996,
        0.29135946158580306,
        0.9562941425521538
      ]
    ],
    "nominal_p": [
      0.011844243068543675,
      -0.00250982995898634,
      0.01700988302530331
    ],
    "mode_R": [
      [
        0.9943168685361143,
        -0.018147806572008512,
        -0.10490291731482033
      ],
      [
        -0.020065035997543723,
        0.9357592502743908,
        -0.35206820341565437
      ],
      [
        0.10455314091385426,
        0.35217223434355877,
        0.9300770710443909
      ]
    ],
    "mode_p": [
      0.012281780616696414,
      -0.002806853079548231,
      0.01772009117530308
    ],
    "F_fro": 211.53543686897126,
    "F_traceS": 312.2395662581243,
    "F_s1": 171.46309360632412,
    "F_s2": 122.53534054154146,
    "F_s3": 18.24113211025871,
    "F_matrix": [
      [
        49.036360316437865,
        5.588796788678331,
        -55.18121667774617
      ],
      [
        24.90418272124823,
        145.75494500369007,
        -14.831688077123767
      ],
      [
        -32.58235048339313,
        79.4558730987592,
        99.0299372943029
      ]
    ],
    "mu": [
      0.012281780616696415,
      -0.002806853079548231,
      0.01772009117530308
    ],
    "Lambda": [
      [
        15994712.093509868,
        3201827.9668914434,
        -1840979.9703913056
      ],
      [
        3201827.9668914434,
        3864617.8031082638,
        867075.1622893935
      ],
      [
        -1840979.9703913056,
        867075.1622893935,
        2243901.848680216
      ]
    ],
    "Gamma": [
      [
        2.993151225476638e-05,
        -3.089218650399858e-05,
        1.2045567064295842e-05
      ],
      [
        -2.0499662921808034e-06,
        -2.4256334074693506e-06,
        -1.433856340431917e-05
      ],
      [
        2.2412340693047096e-05,
        1.2830385276761674e-05,
        -6.790354581313083e-05
      ]
    ]
  },
  {
    "state_id": 10,
    "outer_t": 9,
    "source": "accepted_update",
    "branch": "trans",
    "alpha": 0.25,
    "updated_best": true,
    "rho": 16.45712270576762,
    "s_rot": 21.93639756286006,
    "nominal_eR": 0.3008088280613232,
    "nominal_ep": 0.008496275156205541,
    "mode_eR": 0.34896929438096586,
    "mode_ep": 0.008067423040610314,
    "nominal_R": [
      [
        0.9986007103713983,
        -0.051930187802403535,
        -0.009993840130081083
      ],
      [
        0.04674873453759688,
        0.9552030777479927,
        -0.2922355831857156
      ],
      [
        0.024721995568154003,
        0.29135946158580306,
        0.9562941425521538
      ]
    ],
    "nominal_p": [
      0.01195362745558186,
      -0.0025840857391268126,
      0.017187435062803253
    ],
    "mode_R": [
      [
        0.991736497710254,
        -0.05756410689619005,
        -0.11465205059939008
      ],
      [
        0.013449299981262977,
        0.9354092289672116,
        -0.3533110395854919
      ],
      [
        0.12758462070098892,
        0.34884946317890586,
        0.9284536696035914
      ]
    ],
    "mode_p": [
      0.012248148734620927,
      -0.0028291940375546783,
      0.017532172822428527
    ],
    "F_fro": 225.72928565776888,
    "F_traceS": 323.0483149740891,
    "F_s1": 181.18434262727806,
    "F_s2": 134.42706891718714,
    "F_s3": 7.436903429623915,
    "F_matrix": [
      [
        51.106747297743375,
        0.6398406564064594,
        -69.60955179216604
      ],
      [
        33.30546863248569,
        154.18998855777127,
        -15.047668993076828
      ],
      [
        -42.2157616656175,
        84.47007071456746,
        97.30523703021748
      ]
    ],
    "mu": [
      0.012248148734620927,
      -0.0028291940375546783,
      0.017532172822428527
    ],
    "Lambda": [
      [
        20677064.65370525,
        4677436.073731938,
        -2456089.569152373
      ],
      [
        4677436.073731938,
        4601374.966549395,
        908208.2047941312
      ],
      [
        -2456089.569152373,
        908208.2047941312,
        2433676.0207852405
      ]
    ],
    "Gamma": [
      [
        2.9122026313977673e-05,
        -3.263656410790207e-05,
        1.3411880778327154e-05
      ],
      [
        -5.909056760902256e-07,
        2.764482464307307e-06,
        -1.450158229803247e-05
      ],
      [
        2.126682584000079e-05,
        1.3999887627358314e-05,
        -7.219790509216215e-05
      ]
    ]
  },
  {
    "state_id": 11,
    "outer_t": 10,
    "source": "accepted_update",
    "branch": "trans",
    "alpha": 0.25,
    "updated_best": true,
    "rho": 16.430854587836837,
    "s_rot": 21.661296517456243,
    "nominal_eR": 0.30080882806132314,
    "nominal_ep": 0.008388148490094957,
    "mode_eR": 0.3314206595342436,
    "mode_ep": 0.008243525631444202,
    "nominal_R": [
      [
        0.9986007103713983,
        -0.051930187802403556,
        -0.009993840130081083
      ],
      [
        0.0467487345375969,
        0.9552030777479927,
        -0.2922355831857156
      ],
      [
        0.02472199556815401,
        0.29135946158580306,
        0.9562941425521538
      ]
    ],
    "nominal_p": [
      0.012027257775341627,
      -0.002645362813733779,
      0.017273619502709572
    ],
    "mode_R": [
      [
        0.9903446177742613,
        -0.08150607981710224,
        -0.11213517288701425
      ],
      [
        0.037300576435777805,
        0.9357377479879772,
        -0.3507185965812868
      ],
      [
        0.13351481207383348,
        0.3431495678902087,
        0.9297430661282998
      ]
    ],
    "mode_p": [
      0.012242050554912969,
      -0.0026821216309855307,
      0.017392686081245334
    ],
    "F_fro": 230.04159891246522,
    "F_traceS": 325.53895421480684,
    "F_s1": 183.95913197831348,
    "F_s2": 138.07940494800596,
    "F_s3": 3.5004172884873586,
    "F_matrix": [
      [
        47.4846861190613,
        -2.270832473327449,
        -72.56666979860022
      ],
      [
        36.33598963401301,
        157.4267747978379,
        -17.32614795394575
      ],
      [
        -44.30078806680151,
        84.67725271565396,
        99.28130563672136
      ]
    ],
    "mu": [
      0.012242050554912969,
      -0.0026821216309855307,
      0.017392686081245334
    ],
    "Lambda": [
      [
        25423105.199573826,
        5876977.57420782,
        -3083036.2457747725
      ],
      [
        5876977.57420782,
        5004413.589305999,
        840403.7351138876
      ],
      [
        -3083036.2457747725,
        840403.7351138876,
        2536428.093545733
      ]
    ],
    "Gamma": [
      [
        2.7983798425678772e-05,
        -3.368744379760225e-05,
        1.5303891646393457e-05
      ],
      [
        -1.1225276985458244e-06,
        4.598503765455591e-06,
        -1.3880013631997497e-05
      ],
      [
        2.1352097490019592e-05,
        1.2910977125819832e-05,
        -7.354026339792579e-05
      ]
    ]
  },
  {
    "state_id": 12,
    "outer_t": 11,
    "source": "accepted_update",
    "branch": "trans",
    "alpha": 0.25,
    "updated_best": true,
    "rho": 16.40989117269502,
    "s_rot": 23.255550509293133,
    "nominal_eR": 0.3008088280613231,
    "nominal_ep": 0.008351535369510357,
    "mode_eR": 0.3350347946394341,
    "mode_ep": 0.0077965854021218315,
    "nominal_R": [
      [
        0.9986007103713983,
        -0.05193018780240358,
        -0.009993840130081083
      ],
      [
        0.04674873453759692,
        0.9552030777479927,
        -0.2922355831857156
      ],
      [
        0.024721995568154017,
        0.29135946158580306,
        0.9562941425521538
      ]
    ],
    "nominal_p": [
      0.012080955970234463,
      -0.002654552518046717,
      0.017303386147343513
    ],
    "mode_R": [
      [
        0.9857424305898809,
        -0.10071553289913025,
        -0.13478962114198187
      ],
      [
        0.04581562716993145,
        0.9314642640173953,
        -0.36093663317202657
      ],
      [
        0.16190364060693818,
        0.349615083043304,
        0.922798192925649
      ]
    ],
    "mode_p": [
      0.012330825250035643,
      -0.003134996980868278,
      0.017443834192771467
    ],
    "F_fro": 248.58381603142567,
    "F_traceS": 340.8048049091677,
    "F_s1": 196.96578551274217,
    "F_s2": 151.46057198566123,
    "F_s3": -7.621552589235732,
    "F_matrix": [
      [
        52.80837583289784,
        -5.00054923216571,
        -88.92146530884082
      ],
      [
        45.061053389428274,
        167.17096460541114,
        -16.87630491777948
      ],
      [
        -53.68712702025048,
        93.60208798105216,
        95.74997890284293
      ]
    ],
    "mu": [
      0.012330825250035643,
      -0.003134996980868278,
      0.017443834192771467
    ],
    "Lambda": [
      [
        33080314.595038988,
        8446433.278843872,
        -3664846.831831598
      ],
      [
        8446433.278843872,
        6386937.571777415,
        901270.7704078637
      ],
      [
        -3664846.831831598,
        901270.7704078637,
        2680956.6095132236
      ]
    ],
    "Gamma": [
      [
        2.795329004934539e-05,
        -3.481073982997014e-05,
        1.7056408871776e-05
      ],
      [
        1.7772557021380665e-06,
        1.1322685526263042e-05,
        -1.8742403682238683e-05
      ],
      [
        1.957571668115381e-05,
        1.275577755403657e-05,
        -7.248736971296829e-05
      ]
    ]
  },
  {
    "state_id": 13,
    "outer_t": 12,
    "source": "accepted_update",
    "branch": "rot",
    "alpha": 0.1,
    "updated_best": true,
    "rho": 16.404871140522975,
    "s_rot": 21.54642762038171,
    "nominal_eR": 0.3009497993828306,
    "nominal_ep": 0.008351535369510357,
    "mode_eR": 0.32974614860410967,
    "mode_ep": 0.008946890347317167,
    "nominal_R": [
      [
        0.9981475659314253,
        -0.056455204846467565,
        -0.022677003129039964
      ],
      [
        0.04710675078205763,
        0.9530356084134509,
        -0.2991723301489635
      ],
      [
        0.03850182665703311,
        0.297549893197337,
        0.9539295940489136
      ]
    ],
    "nominal_p": [
      0.012080955970234463,
      -0.002654552518046717,
      0.017303386147343513
    ],
    "mode_R": [
      [
        0.9925262696966185,
        -0.02909772916640336,
        -0.11851129110541256
      ],
      [
        -0.008603788708163864,
        0.952053311340209,
        -0.3058111626249244
      ],
      [
        0.12172747751423335,
        0.30454525857990544,
        0.9446875709431766
      ]
    ],
    "mode_p": [
      0.01218101892888489,
      -0.001924683365582831,
      0.017375223083476013
    ],
    "F_fro": 202.000821810141,
    "F_traceS": 303.17334845755977,
    "F_s1": 162.2457890476087,
    "F_s2": 118.16256086167031,
    "F_s3": 22.76499854828073,
    "F_matrix": [
      [
        48.60905359264328,
        -3.6282760474578417,
        -52.50667153468003
      ],
      [
        14.695446851962561,
        144.59699055923335,
        -15.242590161231893
      ],
      [
        -31.77409166259726,
        63.62596352618159,
        96.2129848339882
      ]
    ],
    "mu": [
      0.01218101892888489,
      -0.001924683365582831,
      0.017375223083476013
    ],
    "Lambda": [
      [
        29318620.420548197,
        6328446.03642879,
        -3325198.7158371815
      ],
      [
        6328446.03642879,
        4530931.447897608,
        581053.1268353306
      ],
      [
        -3325198.7158371815,
        581053.1268353306,
        2377858.822584488
      ]
    ],
    "Gamma": [
      [
        2.799574582342397e-05,
        -3.374545095118654e-05,
        1.6107429083648383e-05
      ],
      [
        -3.0273116401149874e-06,
        -2.484020969653925e-06,
        -5.525225714123436e-06
      ],
      [
        2.0374223485053636e-05,
        9.591489377583672e-06,
        -7.219873560100916e-05
      ]
    ]
  },
  {
    "state_id": 14,
    "outer_t": 13,
    "source": "accepted_update",
    "branch": "full",
    "alpha": 0.25,
    "updated_best": true,
    "rho": 16.362160980770334,
    "s_rot": 25.045361066302235,
    "nominal_eR": 0.3053397907258134,
    "nominal_ep": 0.00849824047054537,
    "mode_eR": 0.35448749431759,
    "mode_ep": 0.006931460769216283,
    "nominal_R": [
      [
        0.9976804425270878,
        -0.0495582670945187,
        -0.04666597005894884
      ],
      [
        0.0332409677597041,
        0.952938547071104,
        -0.30133563275592085
      ],
      [
        0.0594034734788521,
        0.29908544543090226,
        0.9523755161017349
      ]
    ],
    "nominal_p": [
      0.01210597170989707,
      -0.0024720852299307456,
      0.017321345381376637
    ],
    "mode_R": [
      [
        0.9890574668469809,
        -0.07171010006390827,
        -0.1289301703367287
      ],
      [
        0.019817059248009573,
        0.9305772157253238,
        -0.3655589278565976
      ],
      [
        0.14619374623079628,
        0.3590037703447255,
        0.9218154269924522
      ]
    ],
    "mode_p": [
      0.012479582474394985,
      -0.004002803414746495,
      0.017607035936410415
    ],
    "F_fro": 287.9890443509722,
    "F_traceS": 368.2040983334449,
    "F_s1": 223.6716034194941,
    "F_s2": 178.2471005553375,
    "F_s3": -33.714605641386704,
    "F_matrix": [
      [
        53.71486394258412,
        7.46030237559326,
        -114.03912156890853
      ],
      [
        62.34053890998986,
        186.3667052966675,
        -10.865390578418793
      ],
      [
        -74.37334088715605,
        112.1017121327493,
        100.78040312043291
      ]
    ],
    "mu": [
      0.012479582474394983,
      -0.004002803414746494,
      0.017607035936410418
    ],
    "Lambda": [
      [
        30627991.016497705,
        9054024.051356643,
        -1835426.3717516542
      ],
      [
        9054024.051356643,
        7910743.638443357,
        1662041.7103703492
      ],
      [
        -1835426.3717516542,
        1662041.7103703492,
        2696843.2204476404
      ]
    ],
    "Gamma": [
      [
        2.7914252343020043e-05,
        -3.348953030798828e-05,
        1.7459276763549887e-05
      ],
      [
        2.9988343930090447e-06,
        1.5428476920515814e-05,
        -2.5819987287702934e-05
      ],
      [
        2.279828871441838e-05,
        1.615674694198768e-05,
        -7.546315070468192e-05
      ]
    ]
  },
  {
    "state_id": 15,
    "outer_t": 14,
    "source": "accepted_update",
    "branch": "rot",
    "alpha": 0.1,
    "updated_best": true,
    "rho": 16.354663049721708,
    "s_rot": 25.11385891496578,
    "nominal_eR": 0.30885783829532,
    "nominal_ep": 0.00849824047054537,
    "mode_eR": 0.36929000628044517,
    "mode_ep": 0.008086878180332626,
    "nominal_R": [
      [
        0.9971563200154917,
        -0.051535059916446566,
        -0.05498555312598403
      ],
      [
        0.032166831544096934,
        0.9508839318121556,
        -0.30787179664572906
      ],
      [
        0.06815107043602359,
        0.30522759675505046,
        0.9498376417986183
      ]
    ],
    "nominal_p": [
      0.01210597170989707,
      -0.0024720852299307456,
      0.017321345381376637
    ],
    "mode_R": [
      [
        0.9909758094485812,
        -0.016326422640260206,
        -0.1330428239759644
      ],
      [
        -0.03010536384279888,
        0.9400864226663607,
        -0.3396044537197004
      ],
      [
        0.13061627829493616,
        0.3405451010396935,
        0.9311113907595823
      ]
    ],
    "mode_p": [
      0.012349323803924079,
      -0.0028107156013160157,
      0.01741432712008354
    ],
    "F_fro": 233.60645596392413,
    "F_traceS": 329.78430581843514,
    "F_s1": 185.73190567120287,
    "F_s2": 141.66845911824757,
    "F_s3": 2.383941028984652,
    "F_matrix": [
      [
        46.56102958428018,
        5.587762741184793,
        -75.18877023234789
      ],
      [
        30.190129064328236,
        160.4556736683197,
        -15.691668924475692
      ],
      [
        -47.31477901968333,
        82.69702715779597,
        103.62572237259857
      ]
    ],
    "mu": [
      0.012349323803924079,
      -0.0028107156013160157,
      0.01741432712008354
    ],
    "Lambda": [
      [
        27014214.992874943,
        5929044.054257736,
        -2210708.264593973
      ],
      [
        5929044.054257736,
        4765632.392296998,
        922719.8774943085
      ],
      [
        -2210708.264593973,
        922719.8774943085,
        2375815.520828218
      ]
    ],
    "Gamma": [
      [
        2.884005830581824e-05,
        -3.207775870234516e-05,
        1.7192111600460702e-05
      ],
      [
        -3.0710627832877188e-06,
        -1.7763620858995408e-06,
        -8.981482350897899e-06
      ],
      [
        2.4106414979718963e-05,
        1.3935071910852779e-05,
        -7.745989833872114e-05
      ]
    ]
  }
]