[
  {
    "state_id": 0,
    "outer_t": -1,
    "source": "initial_refresh",
    "branch": null,
    "alpha": null,
    "updated_best": true,
    "rho": 23.385850070763638,
    "s_rot": 7.403768494358642,
    "nominal_eR": 0.1315587660703087,
    "nominal_ep": 0.007297259759663213,
    "mode_eR": 0.37937958570871577,
    "mode_ep": 0.016919100626921493,
    "nominal_R": [
      [
        0.989139250940619,
        -0.14662510528919823,
        -0.01022842840139166
      ],
      [
        0.1444307885478865,
        0.9825259392788829,
        -0.11739900324783228
      ],
      [
        0.02726333743448449,
        0.1146466621541175,
        0.9930321511858782
      ]
    ],
    "nominal_p": [
      0.009999999999999998,
      -0.006500000000000001,
      0.016
    ],
    "mode_R": [
      [
        0.9989629102788823,
        0.026162224575754133,
        0.03726448567192719
      ],
      [
        -0.013330374542478606,
        0.9506260226268103,
        -0.3100523604478586
      ],
      [
        -0.043536249283817274,
        0.3092340587806903,
        0.9499888904025763
      ]
    ],
    "mode_p": [
      0.010643927176307863,
      0.00406884572961962,
      0.011672444811665919
    ],
    "F_fro": 212.83223843567035,
    "F_traceS": 287.3818716602275,
    "F_s1": 154.6496490616052,
    "F_s2": 145.6508081350666,
    "F_s3": -12.918585536444297,
    "F_matrix": [
      [
        30.99301671051944,
        -8.110279851068363,
        73.24244820626025
      ],
      [
        -33.52272629793676,
        144.1318285230369,
        -29.91681148035526
      ],
      [
        60.75372580920607,
        51.598575963117646,
        98.79555026465879
      ]
    ],
    "mu": [
      0.010643927176307865,
      0.00406884572961962,
      0.011672444811665919
    ],
    "Lambda": [
      [
        9387741.033850791,
        -433720.9466347014,
        -1901116.5569491342
      ],
      [
        -433720.9466347014,
        3358132.5348414415,
        425198.2522569336
      ],
      [
        -1901116.5569491342,
        425198.2522569336,
        1407053.6928104288
      ]
    ],
    "Gamma": [
      [
        2.940322764944141e-05,
        1.551950171316133e-05,
        2.3385064056512736e-05
      ],
      [
        4.1764826783309745e-06,
        -6.033425879155453e-06,
        -2.2177208112860723e-05
      ],
      [
        3.1684191608675795e-05,
        5.513618062843606e-06,
        3.31230122433712e-05
      ]
    ]
  },
  {
    "state_id": 1,
    "outer_t": 0,
    "source": "accepted_update",
    "branch": "full",
    "alpha": 0.25,
    "updated_best": true,
    "rho": 20.02763298925798,
    "s_rot": 8.959649759423092,
    "nominal_eR": 0.18913312268875473,
    "nominal_ep": 0.009325687761422377,
    "mode_eR": 0.6896601912397905,
    "mode_ep": 0.011211181061460816,
    "nominal_R": [
      [
        0.9945053227597697,
        -0.10457416114370338,
        0.004838163244133937
      ],
      [
        0.10392914572842878,
        0.9807127355251105,
        -0.16553326870153154
      ],
      [
        0.01256565440576625,
        0.1651265429903538,
        0.9861923388109489
      ]
    ],
    "nominal_p": [
      0.010160981794076965,
      -0.0038577885675950955,
      0.01491811120291648
    ],
    "mode_R": [
      [
        0.9802256282994429,
        0.18727047121874035,
        0.063933467248953
      ],
      [
        -0.11892412751387507,
        0.8157354183100773,
        -0.5660678220933832
      ],
      [
        -0.15816058143553166,
        0.5472709547600657,
        0.8218757403379054
      ]
    ],
    "mode_p": [
      0.011959532814555305,
      -0.001239396433100686,
      0.013699367870544836
    ],
    "F_fro": 206.43789512418059,
    "F_traceS": 296.9305547552094,
    "F_s1": 148.80430607198517,
    "F_s2": 142.9949394317973,
    "F_s3": 5.13130925142695,
    "F_matrix": [
      [
        39.31091356378444,
        5.596878088876157,
        65.4148966607594
      ],
      [
        -55.2966284361968,
        113.24881197064728,
        -64.81266702406161
      ],
      [
        28.9446394011559,
        88.0325024122375,
        89.94229762260923
      ]
    ],
    "mu": [
      0.011959532814555304,
      -0.0012393964331006847,
      0.013699367870544835
    ],
    "Lambda": [
      [
        18146017.802692477,
        -2499748.251879297,
        -2968545.4851503386
      ],
      [
        -2499748.251879297,
        3987779.1011734586,
        1017601.0886910448
      ],
      [
        -2968545.4851503386,
        1017601.0886910448,
        1346140.9685118364
      ]
    ],
    "Gamma": [
      [
        3.192979888978644e-05,
        3.586923746248657e-06,
        1.745332354441493e-05
      ],
      [
        2.805678791733463e-07,
        -2.2615425399491477e-05,
        -6.0815858544523926e-05
      ],
      [
        2.4402335814363375e-05,
        6.103293303246685e-07,
        1.5740199986645196e-05
      ]
    ]
  },
  {
    "state_id": 2,
    "outer_t": 1,
    "source": "accepted_update",
    "branch": "full",
    "alpha": 0.25,
    "updated_best": true,
    "rho": 19.074162627559417,
    "s_rot": 7.684677516637024,
    "nominal_eR": 0.3084003451638765,
    "nominal_ep": 0.009720003390218059,
    "mode_eR": 0.3553479913319512,
    "mode_ep": 0.017456260158899724,
    "nominal_R": [
      [
        0.9989140103975749,
        -0.03428672583196927,
        0.03154711180372435
      ],
      [
        0.04154465756036246,
        0.9619734083934484,
        -0.26996518844488787
      ],
      [
        -0.02109126026641213,
        0.2709826230141241,
        0.9623531455576789
      ]
    ],
    "nominal_p": [
      0.010610619549196551,
      -0.003203190533971493,
      0.014613425369823569
    ],
    "mode_R": [
      [
        0.9980814734606597,
        0.016571113976203315,
        0.0596554315732155
      ],
      [
        0.0001484329352077431,
        0.962874048049839,
        -0.26995100585065557
      ],
      [
        -0.06191405577300407,
        0.2694419525124186,
        0.961024288935526
      ]
    ],
    "mode_p": [
      0.013735214554590149,
      0.005402527967402479,
      0.011883136768082534
    ],
    "F_fro": 125.58349000825717,
    "F_traceS": 212.53117816058068,
    "F_s1": 85.72441088847167,
    "F_s2": 77.2337890436537,
    "F_s3": 49.57297822845533,
    "F_matrix": [
      [
        59.16822625826239,
        -7.35025295292473,
        16.086798753966757
      ],
      [
        -11.667085581989532,
        78.74845774448309,
        -17.96115588878246
      ],
      [
        5.342095234209456,
        24.059213700839965,
        68.48427047224196
      ]
    ],
    "mu": [
      0.013735214554590149,
      0.005402527967402479,
      0.011883136768082534
    ],
    "Lambda": [
      [
        3826178.5141553706,
        -24919.86240398605,
        -181660.42843884835
      ],
      [
        -24919.86240398605,
        2315223.385466686,
        761670.9999408391
      ],
      [
        -181660.42843884835,
        761670.9999408391,
        927322.0071801957
      ]
    ],
    "Gamma": [
      [
        3.258586273663211e-05,
        -1.0873439337528355e-05,
        -2.237487657924762e-06
      ],
      [
        -4.735653469864905e-06,
        -5.872607580695665e-06,
        -3.32115300731972e-05
      ],
      [
        2.5143679757728055e-05,
        -8.059879510253332e-06,
        -1.3099990879562759e-05
      ]
    ]
  },
  {
    "state_id": 3,
    "outer_t": 2,
    "source": "accepted_update",
    "branch": "full",
    "alpha": 0.1,
    "updated_best": true,
    "rho": 18.22671739312204,
    "s_rot": 14.876605475159389,
    "nominal_eR": 0.3129272901574572,
    "nominal_ep": 0.010357986518810347,
    "mode_eR": 0.5901867324731193,
    "mode_ep": 0.007441232056019308,
    "nominal_R": [
      [
        0.9989828412240995,
        -0.02920081955817236,
        0.03435978866285943
      ],
      [
        0.03740795584233708,
        0.9621582608181805,
        -0.2699113298456213
      ],
      [
        -0.025177922462408756,
        0.270922116624806,
        0.9622719360679763
      ]
    ],
    "nominal_p": [
      0.01092307904973591,
      -0.002342618683834096,
      0.014340396509649465
    ],
    "mode_R": [
      [
        0.9981658048737222,
        0.004782968732960129,
        -0.06035022113372834
      ],
      [
        -0.03837750819160503,
        0.820968515695371,
        -0.5696822474870893
      ],
      [
        0.04682085908859224,
        0.5709534301911481,
        0.8196462576667854
      ]
    ],
    "mode_p": [
      0.014986777457287378,
      -0.003020504707329658,
      0.01741961143711144
    ],
    "F_fro": 146.54690761459435,
    "F_traceS": 241.30264160656918,
    "F_s1": 101.71305396636598,
    "F_s2": 96.13700609863453,
    "F_s3": 43.452581541568684,
    "F_matrix": [
      [
        49.389443522677475,
        4.8999272775985885,
        12.615355822937316
      ],
      [
        -8.602426901388164,
        80.09481926778126,
        -52.096832277871684
      ],
      [
        19.861645974712285,
        57.59999278495644,
        77.05852713932984
      ]
    ],
    "mu": [
      0.014986777457287378,
      -0.0030205047073296573,
      0.01741961143711144
    ],
    "Lambda": [
      [
        4088098.738295485,
        -243916.30628506574,
        -452741.20956247475
      ],
      [
        -243916.30628506574,
        4237438.568122995,
        551141.9899803388
      ],
      [
        -452741.20956247475,
        551141.9899803388,
        1170811.4307121632
      ]
    ],
    "Gamma": [
      [
        3.338746052756457e-05,
        -7.2918301855130215e-06,
        4.388018683474205e-06
      ],
      [
        3.960568170757637e-06,
        -8.562919963418008e-06,
        -6.379558252634146e-05
      ],
      [
        1.8849640986119118e-05,
        -1.2417194034890955e-05,
        -1.4659127937219206e-06
      ]
    ]
  },
  {
    "state_id": 4,
    "outer_t": 3,
    "source": "accepted_update",
    "branch": "trans",
    "alpha": 0.25,
    "updated_best": true,
    "rho": 16.90351046243167,
    "s_rot": 15.658288177569583,
    "nominal_eR": 0.3129272901574571,
    "nominal_ep": 0.00945244061869316,
    "mode_eR": 0.45166645665146776,
    "mode_ep": 0.007095968740414372,
    "nominal_R": [
      [
        0.9989828412240995,
        -0.029200819558172365,
        0.034359788662859436
      ],
      [
        0.03740795584233709,
        0.9621582608181805,
        -0.2699113298456213
      ],
      [
        -0.02517792246240876,
        0.270922116624806,
        0.9622719360679763
      ]
    ],
    "nominal_p": [
      0.011939003651623778,
      -0.0025120901897079865,
      0.015110200241514958
    ],
    "mode_R": [
      [
        0.9515228017281954,
        -0.28155289707132536,
        -0.12382376162138181
      ],
      [
        0.18091213801438216,
        0.8378884250035258,
        -0.514989112083136
      ],
      [
        0.248747173070148,
        0.46762266133695424,
        0.8482062782682962
      ]
    ],
    "mode_p": [
      0.012417700109717553,
      -0.003419615133584419,
      0.02061889793296956
    ],
    "F_fro": 152.80739654666735,
    "F_traceS": 257.11172622627646,
    "F_s1": 115.21620205547767,
    "F_s2": 72.96733300875607,
    "F_s3": 68.92819116204274,
    "F_matrix": [
      [
        64.65977483073313,
        -27.840362224936186,
        -13.113160793624495
      ],
      [
        15.516308750701755,
        81.8989312728659,
        -27.60791331889312
      ],
      [
        20.71684427548562,
        64.95624829152416,
        76.57208183039782
      ]
    ],
    "mu": [
      0.012417700109717553,
      -0.003419615133584418,
      0.02061889793296956
    ],
    "Lambda": [
      [
        6430976.303568351,
        1774381.795245625,
        311530.24844799086
      ],
      [
        1774381.795245625,
        6022226.199017067,
        1036199.63137128
      ],
      [
        311530.24844799086,
        1036199.63137128,
        1288573.0189066832
      ]
    ],
    "Gamma": [
      [
        2.6442920732191226e-05,
        -2.2714565887286066e-05,
        -1.9385326919710505e-05
      ],
      [
        1.2118292266038827e-05,
        1.670945310861445e-05,
        -4.929391382608234e-05
      ],
      [
        2.2503902324690985e-06,
        -1.5568540643521387e-05,
        -7.634697737104124e-06
      ]
    ]
  },
  {
    "state_id": 5,
    "outer_t": 4,
    "source": "accepted_update",
    "branch": "trans",
    "alpha": 0.25,
    "updated_best": true,
    "rho": 16.395768595747313,
    "s_rot": 18.996934255531453,
    "nominal_eR": 0.31292729015745707,
    "nominal_ep": 0.008585595447546997,
    "mode_eR": 0.4295695500332064,
    "mode_ep": 0.007356381986246623,
    "nominal_R": [
      [
        0.9989828412240995,
        -0.029200819558172372,
        0.03435978866285944
      ],
      [
        0.037407955842337096,
        0.9621582608181805,
        -0.2699113298456213
      ],
      [
        -0.025177922462408762,
        0.270922116624806,
        0.9622719360679763
      ]
    ],
    "nominal_p": [
      0.012058677766147222,
      -0.002738971425677095,
      0.016487374664378607
    ],
    "mode_R": [
      [
        0.9127293295860109,
        -0.37586530532527285,
        -0.16015755731844183
      ],
      [
        0.25987699603314335,
        0.8365760004490029,
        -0.4822909312909984
      ],
      [
        0.3152603968884452,
        0.39857981349472366,
        0.861246198498577
      ]
    ],
    "mode_p": [
      0.011671482427082124,
      -0.0036179235750249256,
      0.018481307404334877
    ],
    "F_fro": 196.9258939790505,
    "F_traceS": 311.7022768382632,
    "F_s1": 160.16619873308173,
    "F_s2": 104.44734360389894,
    "F_s3": 47.08873450128251,
    "F_matrix": [
      [
        92.55757338673516,
        -53.467948050831176,
        -32.48999928944079
      ],
      [
        36.24956179182545,
        101.29550487617608,
        0.12087065868940225
      ],
      [
        29.12211384598396,
        93.95792398352592,
        71.0455358451587
      ]
    ],
    "mu": [
      0.011671482427082124,
      -0.0036179235750249247,
      0.018481307404334877
    ],
    "Lambda": [
      [
        12916235.289169462,
        11381210.13038924,
        1347754.8185396679
      ],
      [
        11381210.13038924,
        20057476.18008682,
        3893189.7083271807
      ],
      [
        1347754.8185396679,
        3893189.7083271807,
        2390591.6440186724
      ]
    ],
    "Gamma": [
      [
        2.3908504731413493e-05,
        -2.6687291022561556e-05,
        -2.21191358773752e-05
      ],
      [
        1.251073855334042e-05,
        3.532273788925407e-05,
        -3.639814486714984e-05
      ],
      [
        6.622576406692337e-06,
        -1.1526437841809705e-05,
        -2.375919930945756e-05
      ]
    ]
  },
  {
    "state_id": 6,
    "outer_t": 5,
    "source": "accepted_update",
    "branch": "rot",
    "alpha": 0.05,
    "updated_best": true,
    "rho": 16.344487107978292,
    "s_rot": 19.14693191821882,
    "nominal_eR": 0.3036611626996097,
    "nominal_ep": 0.008585595447546997,
    "mode_eR": 0.29707625450601216,
    "mode_ep": 0.011108962786340859,
    "nominal_R": [
      [
        0.99867940848269,
        -0.04608594378763284,
        0.02270517249146614
      ],
      [
        0.0506022205179651,
        0.9587617684093237,
        -0.27966996033767627
      ],
      [
        -0.008879997258745186,
        0.2804495627057194,
        0.9598276868411616
      ]
    ],
    "nominal_p": [
      0.012058677766147222,
      -0.002738971425677095,
      0.016487374664378607
    ],
    "mode_R": [
      [
        0.9625599529677775,
        -0.2027182335615296,
        -0.17995459072878045
      ],
      [
        0.12962224361838892,
        0.9272723734143197,
        -0.35123214468768316
      ],
      [
        0.2380680803929934,
        0.31475587887165446,
        0.9188320443986091
      ]
    ],
    "mode_p": [
      0.011608151719822463,
      0.0003152369480042638,
      0.017654726851923125
    ],
    "F_fro": 162.94256614399885,
    "F_traceS": 263.4120970224451,
    "F_s1": 121.60938556187611,
    "F_s2": 100.1197807055437,
    "F_s3": 41.68293075502525,
    "F_matrix": [
      [
        82.27172890388533,
        -36.94563949742058,
        2.4786047555545974
      ],
      [
        -6.341619753161945,
        86.6005637083174,
        4.474950521333796
      ],
      [
        37.35484287327667,
        56.85895258030213,
        78.88152504149984
      ]
    ],
    "mu": [
      0.011608151719822463,
      0.0003152369480042637,
      0.017654726851923125
    ],
    "Lambda": [
      [
        6507606.171524959,
        1501089.435072843,
        -154529.75179165768
      ],
      [
        1501089.435072843,
        3657627.9635996353,
        1072185.965552906
      ],
      [
        -154529.75179165768,
        1072185.965552906,
        1799807.3834239263
      ]
    ],
    "Gamma": [
      [
        2.541596185915633e-05,
        -2.848363501372526e-05,
        -1.9748247417528026e-05
      ],
      [
        4.912007062512247e-06,
        1.009965140396442e-05,
        -2.1293863605543463e-05
      ],
      [
        8.687403679857733e-06,
        -9.465643860147916e-06,
        -2.809810676083657e-05
      ]
    ]
  },
  {
    "state_id": 7,
    "outer_t": 6,
    "source": "accepted_update",
    "branch": "full",
    "alpha": 0.05,
    "updated_best": true,
    "rho": 16.192673874440793,
    "s_rot": 21.287076535289277,
    "nominal_eR": 0.29768052027030145,
    "nominal_ep": 0.00869941494820777,
    "mode_eR": 0.38412806038036,
    "mode_ep": 0.008896971545042306,
    "nominal_R": [
      [
        0.9984797476592548,
        -0.05374434099260043,
        0.012236802097823275
      ],
      [
        0.05500952429933949,
        0.9575788668165611,
        -0.28287217265519593
      ],
      [
        0.0034850754182064276,
        0.28311527623493155,
        0.9590795559346197
      ]
    ],
    "nominal_p": [
      0.012036151463830984,
      -0.002586261006993027,
      0.016545742273755833
    ],
    "mode_R": [
      [
        0.9486310351805535,
        -0.24266086991572164,
        -0.20301443619608958
      ],
      [
        0.13524050486243755,
        0.891102137083155,
        -0.4331823947604372
      ],
      [
        0.28602301469781044,
        0.38347448871806256,
        0.8781447213105578
      ]
    ],
    "mode_p": [
      0.01160296845044445,
      -0.0019440208528496694,
      0.018351522124717558
    ],
    "F_fro": 177.31253791798576,
    "F_traceS": 284.33984904128334,
    "F_s1": 138.06253466087375,
    "F_s2": 102.12094725465246,
    "F_s3": 44.156367125757114,
    "F_matrix": [
      [
        92.30625638143327,
        -39.752311896310125,
        -9.646028263926762
      ],
      [
        4.7389135522927335,
        91.16842676240904,
        5.584856375190735
      ],
      [
        38.35886210495432,
        76.61620272246047,
        74.4259644954356
      ]
    ],
    "mu": [
      0.01160296845044445,
      -0.0019440208528496692,
      0.018351522124717558
    ],
    "Lambda": [
      [
        8115627.805831015,
        2999027.7181474934,
        201323.9227999517
      ],
      [
        2999027.7181474934,
        5622502.664119708,
        1380270.3840124726
      ],
      [
        201323.9227999517,
        1380270.3840124726,
        1928968.1822802771
      ]
    ],
    "Gamma": [
      [
        2.5938937446821492e-05,
        -2.6740942332733846e-05,
        -1.8150098924036237e-05
      ],
      [
        9.478044261640151e-06,
        2.0333454448553895e-05,
        -2.8441765307126276e-05
      ],
      [
        8.364826590005832e-06,
        -1.1671523143707836e-05,
        -2.6003634032988927e-05
      ]
    ]
  },
  {
    "state_id": 8,
    "outer_t": 7,
    "source": "accepted_update",
    "branch": "full",
    "alpha": 0.25,
    "updated_best": true,
    "rho": 15.999111565360964,
    "s_rot": 20.14839247051038,
    "nominal_eR": 0.2884560331911908,
    "nominal_ep": 0.008707752916079723,
    "mode_eR": 0.42822654409595556,
    "mode_ep": 0.011786567098899355,
    "nominal_R": [
      [
        0.9940829387286947,
        -0.09889257200919892,
        -0.04493740234956878
      ],
      [
        0.07950219676346848,
        0.9442903030902288,
        -0.319366911560272
      ],
      [
        0.0740169685835915,
        0.3139045757729077,
        0.9465650562272654
      ]
    ],
    "nominal_p": [
      0.011927855710484351,
      -0.0024257009684571875,
      0.016997187236496264
    ],
    "mode_R": [
      [
        0.9805270909027258,
        0.15569046282208532,
        -0.11969588043070904
      ],
      [
        -0.17540310310823176,
        0.9684104299567338,
        -0.17724274476270477
      ],
      [
        0.08831973406799026,
        0.19478634176260717,
        0.9768612519886847
      ]
    ],
    "mode_p": [
      0.012486368841576157,
      0.0011463554011719398,
      0.017108013892318516
    ],
    "F_fro": 199.46648004126874,
    "F_traceS": 297.82331865212643,
    "F_s1": 155.81293824623512,
    "F_s2": 123.09036498241538,
    "F_s3": 18.92001542347594,
    "F_matrix": [
      [
        115.4020264958827,
        -20.712414799730528,
        26.441967103208196
      ],
      [
        -59.99581792058574,
        109.32825766675995,
        26.57134992889613
      ],
      [
        31.016179958538242,
        61.06842208570076,
        66.26846055902526
      ]
    ],
    "mu": [
      0.012486368841576157,
      0.0011463554011719396,
      0.017108013892318516
    ],
    "Lambda": [
      [
        9204114.82832521,
        443735.3277596188,
        200649.90907740223
      ],
      [
        443735.3277596188,
        2739092.6991139296,
        999153.767113857
      ],
      [
        200649.90907740223,
        999153.767113857,
        2044406.7345701186
      ]
    ],
    "Gamma": [
      [
        2.2219078943269712e-05,
        -2.9979922567253656e-05,
        -9.448115897335057e-06
      ],
      [
        -4.497502060530943e-06,
        -6.487553466356805e-06,
        -1.9846747001093417e-05
      ],
      [
        1.616073044907823e-05,
        -8.76566208425086e-06,
        -3.044289847445045e-05
      ]
    ]
  },
  {
    "state_id": 9,
    "outer_t": 8,
    "source": "accepted_update",
    "branch": "full",
    "alpha": 0.05,
    "updated_best": true,
    "rho": 15.847335494141054,
    "s_rot": 34.043123241020815,
    "nominal_eR": 0.29006467102129646,
    "nominal_ep": 0.008852027463284506,
    "mode_eR": 0.45848214127288506,
    "mode_ep": 0.00870847549476855,
    "nominal_R": [
      [
        0.9950261554484817,
        -0.08641834720217695,
        -0.04954613244499839
      ],
      [
        0.06670762954076073,
        0.9474514675046156,
        -0.31286707862030294
      ],
      [
        0.07398001172253187,
        0.3080058213576394,
        0.9485037542758277
      ]
    ],
    "nominal_p": [
      0.011955781367038941,
      -0.002247098149975731,
      0.017002728569287376
    ],
    "mode_R": [
      [
        0.9664253810858106,
        0.06880921602717473,
        -0.24756266799109897
      ],
      [
        -0.146376077657825,
        0.9392868005882204,
        -0.31034553344660115
      ],
      [
        0.21117771350844705,
        0.3361630527444543,
        0.9178226273561108
      ]
    ],
    "mode_p": [
      0.012263201917665528,
      -0.002014178051590972,
      0.017861278534305292
    ],
    "F_fro": 232.90238832569796,
    "F_traceS": 330.068046277283,
    "F_s1": 173.54291424352317,
    "F_s2": 155.32202658009172,
    "F_s3": 1.203105453668083,
    "F_matrix": [
      [
        135.53324282097807,
        -27.555230833825107,
        26.802523713314503
      ],
      [
        -54.88584442329639,
        119.89785555805241,
        37.348672203267355
      ],
      [
        54.0744633867127,
        95.32481248614697,
        60.02377935144373
      ]
    ],
    "mu": [
      0.012263201917665528,
      -0.0020141780515909712,
      0.017861278534305292
    ],
    "Lambda": [
      [
        11705108.216433711,
        1147644.7956708418,
        485037.5203682595
      ],
      [
        1147644.7956708418,
        3938963.050092161,
        1244164.439761707
      ],
      [
        485037.5203682595,
        1244164.439761707,
        2236838.378438413
      ]
    ],
    "Gamma": [
      [
        2.5719408086176558e-05,
        -2.43920903078581e-05,
        -8.757289334812805e-06
      ],
      [
        2.6498726339433736e-06,
        -4.286932716934905e-06,
        -2.8740652567722714e-05
      ],
      [
        1.5190269023824575e-05,
        -9.783903500906907e-06,
        -2.8610595871087805e-05
      ]
    ]
  },
  {
    "state_id": 10,
    "outer_t": 9,
    "source": "accepted_update",
    "branch": "trans",
    "alpha": 0.25,
    "updated_best": true,
    "rho": 15.757875568537385,
    "s_rot": 38.052176183061405,
    "nominal_eR": 0.2900646710212966,
    "nominal_ep": 0.008806933570602273,
    "mode_eR": 0.44278890260534315,
    "mode_ep": 0.006644151929823603,
    "nominal_R": [
      [
        0.9950261554484817,
        -0.08641834720217696,
        -0.04954613244499838
      ],
      [
        0.06670762954076075,
        0.9474514675046156,
        -0.312867078620303
      ],
      [
        0.07398001172253185,
        0.30800582135763943,
        0.9485037542758277
      ]
    ],
    "nominal_p": [
      0.012032636504695588,
      -0.002188868125379541,
      0.017217366060541854
    ],
    "mode_R": [
      [
        0.9663717591374684,
        -0.033040715206697414,
        -0.2550175175947426
      ],
      [
        -0.06867001632956451,
        0.9225382338575023,
        -0.37974680502721603
      ],
      [
        0.2478105163201357,
        0.3844886450985398,
        0.8892459894716632
      ]
    ],
    "mode_p": [
      0.012418046706352938,
      -0.0041952867882526345,
      0.018054858209443494
    ],
    "F_fro": 323.33893893225644,
    "F_traceS": 403.8023158831071,
    "F_s1": 243.08110221685817,
    "F_s2": 207.9223426979574,
    "F_s3": -47.20112903170845,
    "F_matrix": [
      [
        202.57347674457762,
        -35.17197784150448,
        6.820538239527394
      ],
      [
        -24.03815581522721,
        176.20743276018482,
        78.0200573793288
      ],
      [
        50.64407789194687,
        148.06537049093808,
        5.125423859653619
      ]
    ],
    "mu": [
      0.012418046706352938,
      -0.004195286788252633,
      0.018054858209443494
    ],
    "Lambda": [
      [
        87109271.46261986,
        118008372.29835361,
        25350080.021125957
      ],
      [
        118008372.29835361,
        184507740.57773685,
        39864270.50366329
      ],
      [
        25350080.021125957,
        39864270.50366329,
        10692686.369967753
      ]
    ],
    "Gamma": [
      [
        2.7839342799564815e-05,
        -8.089985861618048e-06,
        -6.9956144334313724e-06
      ],
      [
        1.1701672266390193e-05,
        2.559961442801585e-05,
        -3.9352494676510344e-05
      ],
      [
        1.1865881625332821e-05,
        -2.0643572829398792e-05,
        -2.6858979134823502e-05
      ]
    ]
  },
  {
    "state_id": 11,
    "outer_t": 10,
    "source": "accepted_update",
    "branch": "rot",
    "alpha": 0.1,
    "updated_best": true,
    "rho": 15.716130302567512,
    "s_rot": 36.835678899870075,
    "nominal_eR": 0.3007258902482855,
    "nominal_ep": 0.008806933570602273,
    "mode_eR": 0.4712829433530912,
    "mode_ep": 0.008150169601604388,
    "nominal_R": [
      [
        0.994296391239093,
        -0.08035322547040147,
        -0.07012877815432712
      ],
      [
        0.05378216997830786,
        0.9455811752684912,
        -0.32091076512059113
      ],
      [
        0.09209866753292578,
        0.3153087378021128,
        0.9445095210236357
      ]
    ],
    "nominal_p": [
      0.012032636504695588,
      -0.002188868125379541,
      0.017217366060541854
    ],
    "mode_R": [
      [
        0.9621615115921295,
        0.0729771339760861,
        -0.26252535787497616
      ],
      [
        -0.15630245635276124,
        0.9370099913871618,
        -0.3123808863850722
      ],
      [
        0.22319222152405127,
        0.3415942241274972,
        0.9129614549880468
      ]
    ],
    "mode_p": [
      0.012197174216207345,
      -0.0026815859980431982,
      0.017761641526344372
    ],
    "F_fro": 241.01961443446936,
    "F_traceS": 339.4681009122156,
    "F_s1": 180.85764605955163,
    "F_s2": 159.31250275068527,
    "F_s3": -0.7020478980213084,
    "F_matrix": [
      [
        147.95771473878122,
        -25.4498521246964,
        18.912874528712315
      ],
      [
        -52.46389245817561,
        122.90306544556118,
        43.31511429265602
      ],
      [
        50.11196047436951,
        100.60034291457325,
        53.18004498146573
      ]
    ],
    "mu": [
      0.012197174216207345,
      -0.0026815859980431987,
      0.017761641526344372
    ],
    "Lambda": [
      [
        12597074.624211218,
        1691787.1188671861,
        859861.7040879756
      ],
      [
        1691787.1188671861,
        4822309.310465145,
        1582139.689621089
      ],
      [
        859861.7040879756,
        1582139.689621089,
        2424196.877128935
      ]
    ],
    "Gamma": [
      [
        2.6924750740151657e-05,
        -1.9928496114602013e-05,
        -6.648353646959421e-06
      ],
      [
        3.136504695012921e-06,
        -4.87429824420715e-06,
        -2.8728565772681505e-05
      ],
      [
        1.6493734591398235e-05,
        -1.004215227669144e-05,
        -2.9997529381439822e-05
      ]
    ]
  },
  {
    "state_id": 12,
    "outer_t": 11,
    "source": "accepted_update",
    "branch": "trans",
    "alpha": 0.25,
    "updated_best": true,
    "rho": 15.701574310722345,
    "s_rot": 30.551755214681723,
    "nominal_eR": 0.3007258902482855,
    "nominal_ep": 0.008641280891431843,
    "mode_eR": 0.43071906405784505,
    "mode_ep": 0.009896180915547942,
    "nominal_R": [
      [
        0.994296391239093,
        -0.08035322547040147,
        -0.07012877815432711
      ],
      [
        0.05378216997830788,
        0.9455811752684912,
        -0.32091076512059113
      ],
      [
        0.09209866753292577,
        0.3153087378021128,
        0.9445095210236357
      ]
    ],
    "nominal_p": [
      0.012073770932573528,
      -0.002312047593545455,
      0.017353434926992484
    ],
    "mode_R": [
      [
        0.968251924771441,
        0.08736553536524706,
        -0.23421245356885606
      ],
      [
        -0.146837458976284,
        0.957035001283797,
        -0.2500455297723024
      ],
      [
        0.20230415422770726,
        0.276498227025178,
        0.9394795152818102
      ]
    ],
    "mode_p": [
      0.01211669070712458,
      -0.000937119408238228,
      0.017264105335664158
    ],
    "F_fro": 213.07773794544067,
    "F_traceS": 313.26687943005743,
    "F_s1": 162.11755831091006,
    "F_s2": 137.61078333439343,
    "F_s3": 13.538537784753954,
    "F_matrix": [
      [
        129.06592277257917,
        -21.983392004055816,
        16.12840804363422
      ],
      [
        -48.27365878502281,
        117.33629489304535,
        32.165280457067986
      ],
      [
        43.02203473666562,
        76.55143681394372,
        56.18664847646768
      ]
    ],
    "mu": [
      0.01211669070712458,
      -0.0009371194082382275,
      0.017264105335664158
    ],
    "Lambda": [
      [
        10416131.450864982,
        1251836.8622638,
        700008.3395825633
      ],
      [
        1251836.8622638,
        3673350.2753424593,
        1324027.1217005055
      ],
      [
        700008.3395825633,
        1324027.1217005055,
        2320697.425611172
      ]
    ],
    "Gamma": [
      [
        2.6103756796372644e-05,
        -2.449687867953528e-05,
        -7.195894745307769e-06
      ],
      [
        -5.452812486117148e-07,
        -5.242398809654732e-06,
        -2.1126547865313565e-05
      ],
      [
        1.7780346174182174e-05,
        -5.949060247835606e-06,
        -3.213291099100653e-05
      ]
    ]
  },
  {
    "state_id": 13,
    "outer_t": 12,
    "source": "accepted_update",
    "branch": "full",
    "alpha": 0.1,
    "updated_best": true,
    "rho": 15.647013213528883,
    "s_rot": 42.363016918201275,
    "nominal_eR": 0.3078792016081081,
    "nominal_ep": 0.008765100063644244,
    "mode_eR": 0.4911941017505102,
    "mode_ep": 0.007141170922826648,
    "nominal_R": [
      [
        0.9941390543194792,
        -0.06393944082872315,
        -0.08717389852060618
      ],
      [
        0.0333405036825213,
        0.9483769616584593,
        -0.31538793478772276
      ],
      [
        0.10283944520934811,
        0.31063304154899424,
        0.9449503489639306
      ]
    ],
    "nominal_p": [
      0.012078062910028633,
      -0.0021745547750147325,
      0.017344501967859652
    ],
    "mode_R": [
      [
        0.9536127786600538,
        -0.0301810593420826,
        -0.29951923483015397
      ],
      [
        -0.09736623959733758,
        0.9105592494054721,
        -0.40174826534636965
      ],
      [
        0.28485519788644387,
        0.41227534122129217,
        0.8653823197049625
      ]
    ],
    "mode_p": [
      0.011952913748374996,
      -0.0038299121564402713,
      0.018091701405193845
    ],
    "F_fro": 265.22889678404965,
    "F_traceS": 366.0655149028427,
    "F_s1": 201.0719831777728,
    "F_s2": 172.78794072111583,
    "F_s3": -7.794408996045882,
    "F_matrix": [
      [
        165.72746858226157,
        -35.0530428845499,
        -5.877713032624462
      ],
      [
        -26.111684920906093,
        126.61894573628538,
        56.66027258221776
      ],
      [
        48.626416853074645,
        129.97777931645894,
        49.33756166212739
      ]
    ],
    "mu": [
      0.011952913748374996,
      -0.0038299121564402717,
      0.018091701405193845
    ],
    "Lambda": [
      [
        19175990.080776438,
        6882213.807087274,
        2380474.1479664454
      ],
      [
        6882213.807087274,
        10251230.889632586,
        2902250.0070467587
      ],
      [
        2380474.1479664454,
        2902250.0070467587,
        2839925.8295984347
      ]
    ],
    "Gamma": [
      [
        2.854194397034497e-05,
        -1.6544294191318834e-05,
        -6.889186641283876e-06
      ],
      [
        8.51160065154917e-06,
        1.1175770719055434e-05,
        -3.379323628918455e-05
      ],
      [
        1.677002848586182e-05,
        -1.0310006722318257e-05,
        -2.8527578503974508e-05
      ]
    ]
  },
  {
    "state_id": 14,
    "outer_t": 13,
    "source": "accepted_update",
    "branch": "rot",
    "alpha": 0.02,
    "updated_best": true,
    "rho": 15.645287909941215,
    "s_rot": 39.514543680310204,
    "nominal_eR": 0.3106574255526126,
    "nominal_ep": 0.008765100063644244,
    "mode_eR": 0.47815448648828507,
    "mode_ep": 0.007651554351091555,
    "nominal_R": [
      [
        0.9938119633932551,
        -0.06303771357231988,
        -0.09145506046150192
      ],
      [
        0.030906663150372524,
        0.9477786239402569,
        -0.31742787869817357
      ],
      [
        0.10668907905381982,
        0.31263705261770725,
        0.943862020499374
      ]
    ],
    "nominal_p": [
      0.012078062910028633,
      -0.0021745547750147325,
      0.017344501967859652
    ],
    "mode_R": [
      [
        0.9563230027131768,
        0.010773047680999192,
        -0.2921134298955039
      ],
      [
        -0.12064409557117638,
        0.9247838851484449,
        -0.3608597621979488
      ],
      [
        0.2662542331784895,
        0.38034025189744314,
        0.885691806499938
      ]
    ],
    "mode_p": [
      0.01198018746844261,
      -0.0032666995514967234,
      0.017977703945476178
    ],
    "F_fro": 254.3198467926739,
    "F_traceS": 352.5026368744444,
    "F_s1": 191.35739507808202,
    "F_s2": 167.39726413031863,
    "F_s3": -6.252022333956246,
    "F_matrix": [
      [
        156.7018410281188,
        -33.11030751921197,
        6.659458030761495
      ],
      [
        -39.240810943675456,
        122.33196446706768,
        53.81183293688832
      ],
      [
        51.75117387902643,
        118.3257026841336,
        53.8763082838744
      ]
    ],
    "mu": [
      0.01198018746844261,
      -0.0032666995514967234,
      0.017977703945476178
    ],
    "Lambda": [
      [
        16399985.590442175,
        3586829.175296567,
        1623865.2963797445
      ],
      [
        3586829.175296567,
        6620921.247199164,
        2014763.5532484595
      ],
      [
        1623865.2963797445,
        2014763.5532484595,
        2599330.963942059
      ]
    ],
    "Gamma": [
      [
        2.801603809590937e-05,
        -1.932293303165895e-05,
        -6.6518637419343784e-06
      ],
      [
        4.862029045758648e-06,
        2.958708273400056e-06,
        -3.0299805181515496e-05
      ],
      [
        1.7814648676151533e-05,
        -8.453414553286876e-06,
        -2.924452164601379e-05
      ]
    ]
  },
  {
    "state_id": 15,
    "outer_t": 14,
    "source": "accepted_update",
    "branch": "fallback",
    "alpha": 0.05,
    "updated_best": true,
    "rho": 15.338965793441345,
    "s_rot": 39.90939769505231,
    "nominal_eR": 0.3639393096770006,
    "nominal_ep": 0.008679772254863232,
    "mode_eR": 0.4198764003746129,
    "mode_ep": 0.008160583703449102,
    "nominal_R": [
      [
        0.9873965692344339,
        -0.04295301089218618,
        -0.15232548676884264
      ],
      [
        -0.013028393415597375,
        0.9371406463466131,
        -0.34870857450034204
      ],
      [
        0.15772848832432748,
        0.3462982064931146,
        0.9247698503684981
      ]
    ],
    "nominal_p": [
      0.012389755091174605,
      -0.002051606872105658,
      0.01768740090013711
    ],
    "mode_R": [
      [
        0.954623781646009,
        -0.06008060274914163,
        -0.2916912009114629
      ],
      [
        -0.04674389658783464,
        0.9370724629904434,
        -0.3459916288536597
      ],
      [
        0.29412317767843016,
        0.3439266204851306,
        0.8917432568144366
      ]
    ],
    "mode_p": [
      0.011450914256380994,
      -0.0030204712995115152,
      0.017701022861249614
    ],
    "F_fro": 215.28024634485206,
    "F_traceS": 323.8353870864024,
    "F_s1": 167.1440900235901,
    "F_s2": 133.7187302086659,
    "F_s3": 22.972566854146404,
    "F_matrix": [
      [
        134.90664667079673,
        -27.92541358147436,
        -32.015783904017
      ],
      [
        -5.274652320769755,
        114.17722372606751,
        32.57506639602056
      ],
      [
        24.2370624038768,
        92.7608607578225,
        54.986672926734904
      ]
    ],
    "mu": [
      0.011450914256380994,
      -0.0030204712995115157,
      0.017701022861249614
    ],
    "Lambda": [
      [
        20791464.639658205,
        8536431.124063766,
        4840433.275633108
      ],
      [
        8536431.124063766,
        9491800.142906148,
        3879904.278523413
      ],
      [
        4840433.275633108,
        3879904.278523413,
        3668327.3111283905
      ]
    ],
    "Gamma": [
      [
        3.05764668405671e-05,
        -1.6348542487307568e-05,
        -6.145619404105425e-06
      ],
      [
        6.686376702976475e-06,
        1.3685196871045367e-05,
        -2.333725010054952e-05
      ],
      [
        1.5478902317768873e-05,
        -1.1568913029114863e-05,
        -3.7390826547131336e-05
      ]
    ]
  }
]