[
  {
    "state_id": 0,
    "outer_t": -1,
    "source": "initial_refresh",
    "branch": null,
    "alpha": null,
    "updated_best": true,
    "rho": 22.606577544836146,
    "s_rot": 41.57738698811995,
    "nominal_eR": 0.06577938303515435,
    "nominal_ep": 0.003648629879831605,
    "mode_eR": 0.12344971290092827,
    "mode_ep": 0.0105100478124702,
    "nominal_R": [
      [
        0.9790365033107107,
        -0.19819294281840238,
        -0.046979597721969114
      ],
      [
        0.19252231914816767,
        0.975738262538297,
        -0.1042592904663964
      ],
      [
        0.06650324664967595,
        0.09302903006979495,
        0.9934399416921615
      ]
    ],
    "nominal_p": [
      0.012499999999999999,
      -0.00825,
      0.018000000000000002
    ],
    "mode_R": [
      [
        0.9815962572659915,
        -0.1825757743204813,
        -0.055989948675406756
      ],
      [
        0.1834330050898762,
        0.982975813108424,
        0.010530122863991517
      ],
      [
        0.05311421998952326,
        -0.02060673373220262,
        0.9983758020704403
      ]
    ],
    "mode_p": [
      0.013249667446719036,
      0.00027688667204279707,
      0.018664694303418234
    ],
    "F_fro": 244.1553366735111,
    "F_traceS": 339.45748775186803,
    "F_s1": 176.77254198504386,
    "F_s2": 168.31977175134725,
    "F_s3": -5.6348259845231246,
    "F_matrix": [
      [
        48.56095523956264,
        -75.07043492707362,
        54.10937216253731
      ],
      [
        -35.75788742422766,
        149.6366874607119,
        33.84748562612816
      ],
      [
        69.81030512914411,
        14.813280949107856,
        137.04721329250705
      ]
    ],
    "mu": [
      0.013249667446719036,
      0.0002768866720427972,
      0.018664694303418234
    ],
    "Lambda": [
      [
        4510722.157261651,
        -702945.018352441,
        416355.15920865745
      ],
      [
        -702945.018352441,
        4874620.343393088,
        266486.045983967
      ],
      [
        416355.15920865745,
        266486.045983967,
        2999244.791698505
      ]
    ],
    "Gamma": [
      [
        -2.1105611182163522e-05,
        4.565712055714644e-06,
        -1.0491717133440608e-05
      ],
      [
        1.2760001995225218e-06,
        2.6212903653827436e-06,
        -9.355845294141475e-06
      ],
      [
        -5.45458032638364e-06,
        6.013518144350454e-06,
        2.2012631392700146e-05
      ]
    ]
  }
]